1341846647.802247 0.000000000 0.000000000 0.000000000 -0.000000000 -0.000000000 -0.000000000 1.000000000
1341846647.834093 0.001878717 -0.003260280 -0.000731620 0.000227521 0.000076196 0.001323436 0.999999106
1341846647.866652 0.004508729 -0.003101163 -0.005124093 0.001685373 0.002423356 0.002738287 0.999991894
1341846647.901972 0.005022965 -0.004174539 -0.006081567 0.001386265 0.004433385 0.002779881 0.999985337
1341846647.934224 0.007484026 -0.007100687 -0.006620965 -0.000503673 0.004321597 0.003372495 0.999984920
1341846647.970225 0.008273702 -0.007246915 -0.006977275 -0.000863062 0.002796773 0.003805783 0.999988496
1341846648.002341 0.009938915 -0.007150438 -0.009955747 -0.001662563 0.002105499 0.003968512 0.999988556
1341846648.034343 0.011637188 -0.009313947 -0.011238262 -0.004432273 0.000625372 0.003469127 0.999983966
1341846648.070164 0.009533976 -0.011624771 -0.007770943 -0.006092519 -0.001989376 0.004292104 0.999970317
1341846648.102152 0.011011836 -0.012753629 -0.007545222 -0.005400235 -0.005237738 0.004725125 0.999960542
1341846648.138185 0.006535645 -0.015911581 -0.013123529 -0.006851422 -0.005455118 0.004076301 0.999953389
1341846648.170568 0.011234550 -0.010852993 -0.016586473 -0.008871744 -0.008185665 0.004145732 0.999918580
1341846648.202106 0.009386268 -0.015338740 -0.014470447 -0.010756617 -0.012144708 0.004138064 0.999859869
1341846648.238157 0.007478882 -0.021141550 -0.016568059 -0.011036643 -0.016685585 0.004292087 0.999790728
1341846648.270152 0.004005127 -0.027228750 -0.020986887 -0.015262419 -0.021565810 0.000089728 0.999650955
1341846648.302183 0.000937405 -0.031667329 -0.021078354 -0.021496458 -0.025724296 -0.005645366 0.999422014
1341846648.338170 -0.003047314 -0.032594152 -0.024741121 -0.024404906 -0.029516932 -0.008551640 0.999229789
1341846648.370216 -0.001718739 -0.025965266 -0.033960838 -0.024791192 -0.036866039 -0.008644460 0.998975277
1341846648.406052 -0.000643476 -0.023971332 -0.027727177 -0.025592012 -0.047256090 -0.008083063 0.998522222
1341846648.438342 0.000755250 -0.024204228 -0.032630116 -0.025323840 -0.052674495 -0.005284595 0.998276591
1341846648.470076 -0.002610250 -0.022064233 -0.034993000 -0.026350876 -0.057447162 -0.005665313 0.997984648
1341846648.506263 -0.007018465 -0.023109550 -0.042616758 -0.029667130 -0.062200088 -0.005764343 0.997606099
1341846648.538249 0.000310873 -0.021398738 -0.045524880 -0.032037802 -0.069441006 -0.006993714 0.997047007
1341846648.570179 0.028008930 -0.039628532 -0.031980835 -0.039312281 -0.077356175 -0.007250898 0.996201813
1341846648.606081 0.032600515 -0.040280741 -0.034052290 -0.041677047 -0.082086846 -0.007457582 0.995725513
1341846648.638395 0.037506960 -0.043751642 -0.024224117 -0.042131759 -0.092975281 -0.008995118 0.994735956
1341846648.674053 0.038073543 -0.041960619 -0.021998752 -0.040232368 -0.096620098 -0.010439577 0.994453132
1341846648.706058 0.041707501 -0.050473884 -0.023106398 -0.043236215 -0.103197895 -0.008117133 0.993687570
1341846648.738116 0.046884499 -0.046516262 -0.015172815 -0.042182609 -0.114019886 -0.010511695 0.992526889
1341846648.774049 0.048075207 -0.031234914 -0.014271975 -0.035396945 -0.116100401 -0.014555626 0.992499828
1341846648.805941 0.053982131 -0.037730388 -0.008245699 -0.035975624 -0.119967654 -0.010314569 0.992072225
1341846648.838602 0.058698501 -0.038795140 -0.012943828 -0.037583087 -0.128105119 -0.005890045 0.991030693
1341846648.874088 0.064066775 -0.027358238 -0.014136509 -0.036543299 -0.132261261 -0.009544492 0.990495026
1341846648.906165 0.070241109 -0.029365923 -0.014407109 -0.039459918 -0.138427988 -0.005086498 0.989573002
1341846648.942154 0.087479934 -0.026302541 -0.010684904 -0.038818479 -0.157642946 -0.001933446 0.986730993
1341846648.974090 0.092240870 -0.022243751 -0.025709884 -0.040018599 -0.167190999 -0.002161340 0.985109687
1341846649.006157 0.114265099 -0.014742490 -0.003561681 -0.041708272 -0.175729111 -0.005433082 0.983539641
1341846649.042101 0.133860141 -0.029987454 0.012791453 -0.045541022 -0.187975138 -0.000648554 0.981117189
1341846649.074128 0.149776503 -0.018196804 0.001019273 -0.044390649 -0.197415099 -0.007767139 0.979283690
1341846649.106188 0.163263887 -0.010843019 0.016028617 -0.046428639 -0.199542224 -0.017113244 0.978639066
1341846649.142042 0.177092999 -0.009754086 0.016298883 -0.048572589 -0.204034254 -0.017518172 0.977601111
1341846649.174442 0.197528854 -0.002454133 0.032661874 -0.049490713 -0.214047387 -0.020235514 0.975358903
1341846649.216152 0.195488259 -0.006926637 0.035990551 -0.051692747 -0.213413060 -0.024592314 0.975283504
1341846649.248048 0.209670469 -0.007915083 0.035491735 -0.054135747 -0.214790463 -0.021481087 0.974922061
1341846649.280075 0.220876634 -0.006597623 0.032874465 -0.058342315 -0.218618527 -0.019792693 0.973863661
1341846649.316071 0.233020887 -0.004989201 0.048293814 -0.062739328 -0.222116351 -0.021044642 0.972771943
1341846649.348041 0.242822766 -0.001601105 0.058160938 -0.062986173 -0.226921022 -0.015849924 0.971745014
1341846649.383973 0.252306968 0.000708818 0.062596880 -0.061055362 -0.232747689 -0.012307656 0.970540702
1341846649.416053 0.256786674 0.011358190 0.053705513 -0.059812110 -0.231859252 -0.019371733 0.970715523
1341846649.448084 0.260814548 0.002820464 0.060406689 -0.066346161 -0.229481161 -0.018306404 0.970876634
1341846649.484154 0.266246617 0.002869911 0.067188390 -0.068191700 -0.232912019 -0.017309677 0.969949663
1341846649.516198 0.268603504 0.005795383 0.074335955 -0.066758193 -0.234916016 -0.020212865 0.969509780
1341846649.552101 0.269076288 0.004399381 0.077111371 -0.065252282 -0.232505471 -0.025096014 0.970079124
1341846649.616167 0.272507429 -0.008552602 0.075751185 -0.067282632 -0.235424489 -0.017538857 0.969402313
1341846649.678101 0.266725183 -0.020533927 0.075222917 -0.067937471 -0.235154912 -0.021243909 0.969347954
1341846649.710937 0.272499561 -0.028199997 0.078292541 -0.069051132 -0.241539389 -0.018603675 0.967752337
1341846649.746112 0.275031060 -0.026552659 0.084392622 -0.066450372 -0.248065889 -0.023882043 0.966166317
1341846649.778019 0.273031026 -0.031438462 0.080330834 -0.065588906 -0.251146644 -0.023988869 0.965426385
1341846649.810257 0.277336538 -0.032918204 0.078311004 -0.064955696 -0.259548694 -0.023094684 0.963266253
1341846649.846059 0.279423267 -0.026172694 0.058458213 -0.064821325 -0.266365170 -0.028816244 0.961258292
1341846649.878137 0.283530474 -0.028351348 0.071152754 -0.069948867 -0.272262663 -0.030805815 0.959182620
1341846649.914184 0.284951419 -0.034890972 0.087945759 -0.070073523 -0.278607249 -0.026114741 0.957489312
1341846649.952612 0.287759334 -0.031088229 0.084822051 -0.067632966 -0.279998213 -0.025449701 0.957276940
1341846650.014156 0.302829802 -0.036732517 0.103023097 -0.068811350 -0.285620689 -0.015169883 0.955748796
1341846650.046184 0.308560759 -0.032363981 0.105956562 -0.067103818 -0.288528115 -0.016133578 0.954980850
1341846650.078250 0.313761950 -0.032493837 0.119036123 -0.065152183 -0.288477182 -0.017676586 0.955104053
1341846650.114215 0.322034240 -0.038773101 0.117250703 -0.064780563 -0.288733244 -0.013035419 0.955126584
1341846650.146137 0.327053845 -0.040835641 0.131268904 -0.063330539 -0.292167544 -0.010579419 0.954209328
1341846650.182236 0.333281308 -0.038530432 0.135069862 -0.058450770 -0.292198420 -0.013509186 0.954474330
1341846650.214164 0.340851575 -0.046459362 0.128849924 -0.058218971 -0.290786594 -0.012917602 0.954927683
1341846650.246084 0.347611934 -0.048858106 0.133923948 -0.060076885 -0.292733371 -0.012637049 0.954221308
1341846650.282167 0.348441541 -0.044565190 0.153910801 -0.055521429 -0.292163283 -0.018117268 0.954583526
1341846650.314158 0.356146216 -0.051159352 0.140975788 -0.053124752 -0.288294375 -0.020463211 0.955847979
1341846650.350453 0.366189480 -0.057019427 0.126276955 -0.056094948 -0.288245678 -0.019583907 0.955711424
1341846650.382075 0.365743786 -0.060840286 0.142661452 -0.058117423 -0.289032429 -0.023029849 0.955276012
1341846650.414224 0.365633428 -0.058450330 0.150897205 -0.054797843 -0.285351187 -0.026097842 0.956499279
1341846650.450353 0.366052836 -0.064568244 0.140862033 -0.055071548 -0.279372543 -0.021734355 0.958355784
1341846650.484849 0.366275787 -0.061437428 0.136616290 -0.055423655 -0.276286125 -0.025108038 0.959147453
1341846650.514091 0.362593681 -0.061866459 0.144246042 -0.055756845 -0.270588517 -0.027911197 0.960673749
1341846650.550746 0.359091818 -0.064065784 0.149343088 -0.051237583 -0.264110059 -0.025153788 0.962802112
1341846650.582069 0.356174767 -0.066666164 0.131291986 -0.047253307 -0.256863892 -0.024963947 0.964968860
1341846650.618092 0.350693375 -0.065997116 0.123084836 -0.046935551 -0.250550896 -0.028194360 0.966553867
1341846650.650422 0.343572855 -0.065530553 0.125078261 -0.045558415 -0.243278876 -0.032649528 0.968335629
1341846650.682114 0.335479558 -0.067810096 0.114897892 -0.044654168 -0.235766739 -0.033771958 0.970195651
1341846650.718110 0.325691342 -0.068811245 0.108883642 -0.044260919 -0.229736626 -0.036282651 0.971568704
1341846650.750112 0.316983461 -0.067179784 0.113565519 -0.042783573 -0.222929969 -0.039123006 0.973109066
1341846650.782116 0.307418376 -0.074114822 0.114642121 -0.043198295 -0.213522062 -0.034900233 0.975358605
1341846650.818115 0.297123134 -0.077040061 0.108519033 -0.040922124 -0.209025815 -0.033166427 0.976490438
1341846650.850139 0.285706967 -0.069340408 0.093699001 -0.038048118 -0.203194439 -0.037092976 0.977695584
1341846650.886238 0.275080264 -0.060845736 0.091416404 -0.036450408 -0.191050559 -0.042277630 0.979991674
1341846650.918288 0.266145140 -0.070853956 0.093904234 -0.039755143 -0.181842223 -0.036284741 0.981853604
1341846650.950233 0.254643738 -0.071192645 0.084283441 -0.040094372 -0.174248889 -0.032839309 0.983336866
1341846650.986247 0.242485404 -0.063334920 0.082794018 -0.038483575 -0.163249850 -0.034641825 0.985225141
1341846651.050482 0.218639210 -0.069044568 0.066973135 -0.038365092 -0.144518971 -0.025367046 0.988432586
1341846651.086169 0.208116725 -0.062308043 0.064198479 -0.040863197 -0.137019485 -0.026607698 0.989367425
1341846651.118423 0.200904712 -0.066196874 0.075400494 -0.040475104 -0.128188238 -0.023013953 0.990656376
1341846651.154189 0.185535342 -0.065356001 0.065739840 -0.035823040 -0.119182013 -0.020427244 0.992015660
1341846651.186391 0.175583482 -0.066545203 0.057260923 -0.037445772 -0.113453232 -0.019025793 0.992655218
1341846651.218036 0.164309844 -0.065598890 0.056504656 -0.039205756 -0.107803293 -0.019350845 0.993210435
1341846651.254031 0.155797526 -0.070044808 0.052108701 -0.041411869 -0.103185885 -0.018544566 0.993626595
1341846651.286406 0.144510671 -0.070229694 0.050523408 -0.043261264 -0.098077372 -0.020627461 0.994024098
1341846651.318309 0.138575777 -0.074198499 0.053492427 -0.045641672 -0.095773190 -0.023377538 0.994081438
1341846651.354135 0.125819236 -0.071724802 0.055651184 -0.044028174 -0.089049995 -0.027159467 0.994682848
1341846651.386180 0.115440898 -0.079520315 0.058380146 -0.044784009 -0.082637057 -0.024771541 0.995264769
1341846651.422237 0.094368763 -0.088806681 0.060415603 -0.047210407 -0.076707013 -0.021599090 0.995701134
1341846651.492135 0.072779357 -0.092860170 0.073849797 -0.051650409 -0.069463097 -0.029959451 0.995795965
1341846651.560316 0.046644572 -0.105721496 0.088959776 -0.049850803 -0.051895745 -0.024206467 0.997113705
1341846651.622176 0.010646041 -0.115307048 0.091813460 -0.043180019 -0.038306054 -0.025904141 0.997996569
1341846651.654223 -0.005448915 -0.119151540 0.098160192 -0.040279739 -0.034295864 -0.024415024 0.998301208
1341846651.690127 -0.031136094 -0.121909834 0.092219062 -0.036641181 -0.028370317 -0.023866476 0.998640597
1341846651.722318 -0.051308073 -0.128325179 0.092843652 -0.034872711 -0.023080649 -0.020931929 0.998905957
1341846651.754212 -0.080520518 -0.132594749 0.087826617 -0.034583978 -0.015649071 -0.021487717 0.999048233
1341846651.790200 -0.110905953 -0.132288441 0.076140299 -0.036581688 -0.006888314 -0.024712589 0.999001324
1341846651.822233 -0.132596403 -0.131092161 0.084639475 -0.035017904 0.001323126 -0.024312830 0.999090075
1341846651.858213 -0.161298454 -0.141651884 0.093594164 -0.029276876 0.010066098 -0.020242576 0.999315679
1341846651.890237 -0.193199709 -0.141135037 0.088441268 -0.022408715 0.019581007 -0.021264974 0.999330878
1341846651.922186 -0.226560399 -0.144130483 0.081279106 -0.021645831 0.028144738 -0.019104738 0.999186873
1341846651.958047 -0.252282143 -0.143597528 0.094031587 -0.019155480 0.033894166 -0.017536385 0.999087989
1341846651.990020 -0.282036096 -0.148007408 0.098536655 -0.012893916 0.043302540 -0.012715751 0.998897910
1341846652.022081 -0.313357502 -0.148634925 0.097598545 -0.007149695 0.051647451 -0.008923516 0.998599887
1341846652.058058 -0.348705947 -0.153351724 0.095371380 -0.008348792 0.057241153 -0.007508437 0.998297274
1341846652.090106 -0.398311317 -0.152977675 0.104532041 -0.011161377 0.067277245 -0.011333547 0.997607529
1341846652.126257 -0.434647620 -0.159080938 0.110948034 -0.014667915 0.076680161 -0.011382417 0.996882915
1341846652.158232 -0.484972984 -0.159821942 0.110171214 -0.016258102 0.085737959 -0.010630919 0.996128380
1341846652.190049 -0.519556224 -0.159320071 0.125378355 -0.016737895 0.092462279 -0.012893398 0.995492041
1341846652.225981 -0.559880614 -0.150817499 0.142150059 -0.014126291 0.105829589 -0.017374309 0.994132161
1341846652.258089 -0.608695447 -0.153186977 0.149384126 -0.012498014 0.119066522 -0.015667608 0.992684066
1341846652.290189 -0.659658194 -0.157266423 0.154066756 -0.008808183 0.127129719 -0.008356249 0.991811812
1341846652.326148 -0.702891350 -0.153370082 0.169306427 -0.001095933 0.135809824 -0.007969422 0.990702271
1341846652.358184 -0.748731256 -0.144591659 0.176834196 0.002583618 0.145901859 -0.008677063 0.989257693
1341846652.394279 -0.762110531 -0.140373304 0.172883585 0.004496254 0.148174405 -0.007101499 0.988925517
1341846652.426287 -0.789490223 -0.158066735 0.164084256 0.003375432 0.153399780 -0.004617536 0.988147676
1341846652.458277 -0.791704237 -0.146088630 0.187097460 0.007635858 0.157274693 -0.006482128 0.987504125
1341846652.494100 -0.815723300 -0.141816527 0.192258447 0.010959746 0.162866727 -0.005599832 0.986571372
1341846652.526469 -0.845816612 -0.128717348 0.197310403 0.013173112 0.170593292 -0.006956968 0.985228896
1341846652.562089 -0.844716489 -0.148510605 0.189029515 0.009901999 0.176563233 -0.008633930 0.984201610
1341846652.594254 -0.873500347 -0.140836716 0.226417318 0.013321362 0.193239480 -0.010840319 0.981001318
1341846652.626356 -0.894506872 -0.132109970 0.233682409 0.015947023 0.206540108 -0.012636507 0.978226542
1341846652.662152 -0.904852509 -0.115829684 0.233327925 0.018055674 0.224878773 -0.018707611 0.974039853
1341846652.694113 -0.942488968 -0.117770188 0.250638664 0.015495667 0.255285621 -0.023316119 0.966460347
1341846652.726378 -0.953969419 -0.109817564 0.296820134 0.017407382 0.289357156 -0.029127875 0.956619620
1341846652.762129 -0.993680894 -0.089436039 0.317421675 0.021499394 0.321681827 -0.031886112 0.946066558
1341846652.794152 -1.024371386 -0.107084632 0.337641984 0.015091518 0.356532633 -0.032481864 0.933596134
1341846652.830250 -1.030567050 -0.077192076 0.358856529 0.021795886 0.384785682 -0.031680640 0.922204554
1341846652.862014 -1.070519686 -0.078031890 0.409278572 0.020499207 0.412297189 -0.029185269 0.910351038
1341846652.894426 -1.075611591 -0.084129125 0.437868953 0.019581642 0.432528496 -0.026454678 0.901019335
1341846652.930346 -1.087603092 -0.082022533 0.455708861 0.022420082 0.452684134 -0.023123620 0.891089082
1341846652.962213 -1.113923788 -0.065899327 0.486227721 0.024658894 0.472934306 -0.023002990 0.880452156
1341846653.030292 -1.139294863 -0.084394649 0.516957343 0.017730763 0.505315900 -0.018079400 0.862562895
1341846653.062672 -1.168528914 -0.101238519 0.544719160 0.019125426 0.523063838 -0.012769472 0.851983190
1341846653.099024 -1.167404294 -0.074434496 0.562644839 0.021740610 0.538747847 -0.016365720 0.842027485
1341846653.130475 -1.178279161 -0.083762512 0.577029526 0.017395927 0.556600630 -0.014458310 0.830472231
1341846653.162620 -1.196404576 -0.092373192 0.605722845 0.016938338 0.574222982 -0.011080400 0.818448782
1341846653.198437 -1.224478006 -0.094734251 0.639008224 0.018040134 0.589955926 -0.007234663 0.807201564
1341846653.230042 -1.229877710 -0.097496480 0.656528652 0.019264646 0.602742612 -0.004645683 0.797689557
1341846653.298380 -1.252588153 -0.078721523 0.710909963 0.022319179 0.632116079 -0.001555562 0.774550676
1341846653.330162 -1.256306887 -0.068296157 0.735562682 0.024493026 0.644553781 0.000877321 0.764166057
1341846653.366319 -1.287888050 -0.068159528 0.769354582 0.023820136 0.658364296 0.004663965 0.752308011
1341846653.398226 -1.277447224 -0.072179876 0.780160248 0.024330396 0.666851223 0.008661407 0.744743228
1341846653.430060 -1.292243242 -0.084267437 0.819749534 0.025834417 0.678862810 0.012621150 0.733702004
1341846653.466341 -1.313495517 -0.075879365 0.840785801 0.028268956 0.686257660 0.010170134 0.726737797
1341846653.498194 -1.328743339 -0.065428555 0.869198799 0.029160799 0.693787456 0.008433619 0.719539821
1341846653.530205 -1.331813216 -0.066814162 0.889539599 0.029030388 0.698219359 0.007543308 0.715255260
1341846653.566601 -1.336810589 -0.072055563 0.878719687 0.028336845 0.697847068 0.006053123 0.715660512
1341846653.598213 -1.351455450 -0.066838391 0.914242446 0.028787507 0.702966571 0.005938745 0.710615337
1341846653.634793 -1.355885267 -0.075032964 0.922097087 0.027331414 0.702729940 0.007793179 0.710888803
1341846653.666143 -1.356714725 -0.071764134 0.922511339 0.027738759 0.701771140 0.007278665 0.711825013
1341846653.698738 -1.364138961 -0.080315799 0.931729198 0.026288629 0.699988365 0.010599160 0.713591576
1341846653.734313 -1.361364603 -0.064749882 0.935913324 0.026009869 0.696052849 0.009739286 0.717453182
1341846653.766275 -1.362474442 -0.066607878 0.938350797 0.024684064 0.693828464 0.011501239 0.719625235
1341846653.802358 -1.380152941 -0.067938149 0.962476909 0.024297852 0.692168713 0.014210345 0.721186638
1341846653.834226 -1.378964424 -0.076229066 0.945395470 0.023323756 0.682404876 0.017216545 0.730399311
1341846653.866214 -1.377820492 -0.072574064 0.947664976 0.023404201 0.677147090 0.016841132 0.735282600
1341846653.902170 -1.390646100 -0.077952847 0.954125822 0.021089066 0.671941400 0.019262936 0.740053415
1341846653.934160 -1.386586666 -0.075981706 0.947768807 0.019902144 0.663466513 0.019855218 0.747677743
1341846653.966155 -1.390807152 -0.073100418 0.947899520 0.018287074 0.657550573 0.018945262 0.752950191
1341846654.002169 -1.398670197 -0.071500316 0.946253598 0.014974153 0.650004029 0.019745201 0.759526670
1341846654.034140 -1.394822598 -0.072840832 0.939346969 0.010367951 0.641851127 0.019992197 0.766498506
1341846654.070172 -1.395410538 -0.087044239 0.945355654 0.011224811 0.633480370 0.023213688 0.773329079
1341846654.102438 -1.374745011 -0.086038768 0.944878519 0.015468402 0.623337567 0.021787046 0.781496227
1341846654.134349 -1.375609875 -0.082891017 0.948372483 0.020543480 0.614107430 0.021106690 0.788672626
1341846654.170244 -1.394149303 -0.088322736 0.973371744 0.022454945 0.607042611 0.020935336 0.794076025
1341846654.202087 -1.378466129 -0.085968599 0.945269704 0.023252750 0.588898003 0.015987974 0.807714581
1341846654.234434 -1.376134396 -0.083470359 0.935061574 0.025231084 0.579678714 0.013751580 0.814338386
1341846654.270041 -1.402550220 -0.082785070 0.958134294 0.025277395 0.573641896 0.012070233 0.818627119
1341846654.302117 -1.392892122 -0.077315509 0.955116272 0.024871374 0.558698893 0.008425918 0.828954756
1341846654.338026 -1.361109972 -0.071578830 0.925809383 0.024304364 0.544976950 0.006732515 0.838071644
1341846654.369979 -1.383979321 -0.081374735 0.960702419 0.024123773 0.541397452 0.010133913 0.840359569
1341846654.402172 -1.429569244 -0.071611241 1.036943197 0.027205914 0.536723197 0.009297913 0.843268394
1341846654.438133 -1.360093951 -0.050709501 0.937588930 0.026964847 0.504816532 0.004800566 0.862792134
1341846654.470186 -1.361746311 -0.061925657 0.945768893 0.022640392 0.497815698 0.005594468 0.866969228
1341846654.502267 -1.381067276 -0.060342301 1.001093149 0.022765314 0.488448620 0.003884705 0.872287035
1341846654.539064 -1.323327541 -0.044722922 0.948852837 0.023956111 0.461232543 -0.000086093 0.886955857
1341846654.570053 -1.313617468 -0.045019820 0.942634702 0.019659791 0.456036896 -0.003447390 0.889737010
1341846654.606030 -1.357749701 -0.050827861 1.002739668 0.017948335 0.453685284 -0.004812849 0.890968263
1341846654.637980 -1.279597759 -0.057463072 0.917981684 0.020784544 0.417989969 -0.005063812 0.908199787
1341846654.670155 -1.272725105 -0.053236976 0.913897216 0.023079965 0.411540419 -0.007668412 0.911066949
1341846654.706022 -1.259301186 -0.038862519 0.907572746 0.028403666 0.398282021 -0.007907598 0.916789114
1341846654.738497 -1.276880622 -0.051519744 0.921133518 0.030942062 0.383387774 -0.007374272 0.923039615
1341846654.774056 -1.259526491 -0.030750584 0.911746740 0.034114238 0.374151170 -0.008955796 0.926696777
1341846654.806040 -1.242954016 -0.026386861 0.903401017 0.032859568 0.362094134 -0.007615666 0.931531072
1341846654.838060 -1.239032030 -0.031731244 0.901499331 0.032779273 0.346780896 -0.006364491 0.937351584
1341846654.874136 -1.236467600 -0.011657579 0.901119530 0.033274423 0.334358335 -0.009534365 0.941810191
1341846654.906209 -1.226754904 -0.010371992 0.894146383 0.029414313 0.322981745 -0.008871609 0.945906460
1341846654.938214 -1.198391318 -0.037615761 0.863862574 0.028384326 0.303934246 -0.005774753 0.952252567
1341846654.974334 -1.183095455 -0.031580605 0.838805139 0.034405146 0.282296002 -0.003818189 0.958702624
1341846655.006124 -1.192323208 -0.019042581 0.842958808 0.034837894 0.273255169 -0.004002244 0.961302221
1341846655.042239 -1.184328556 -0.021102827 0.824912488 0.032989495 0.255229831 -0.003813405 0.966309965
1341846655.074179 -1.180032372 -0.029631276 0.821233213 0.033462632 0.232028022 -0.002411776 0.972130358
1341846655.106132 -1.175116301 -0.018632526 0.830652118 0.035625052 0.221063375 -0.004941260 0.974596083
1341846655.142070 -1.160505295 -0.020288290 0.807578564 0.034119789 0.197875351 -0.006486530 0.979611754
1341846655.174000 -1.150915861 -0.010560528 0.815976977 0.033258706 0.176514775 -0.007672175 0.983706057
1341846655.206124 -1.148177385 -0.009437284 0.808750451 0.030889764 0.165900335 -0.008727630 0.985620022
1341846655.242079 -1.136754394 -0.013356710 0.818325877 0.031288538 0.152957097 -0.009585176 0.987690926
1341846655.274211 -1.131015420 -0.033275981 0.807155311 0.030450635 0.144724518 -0.011624523 0.988934994
1341846655.310175 -1.115589023 -0.035207309 0.807899892 0.036186062 0.142016396 -0.008837902 0.989163220
1341846655.342236 -1.100774646 -0.024292221 0.806120455 0.047251079 0.134309039 -0.002541665 0.989809096
1341846655.374134 -1.094370246 -0.037869453 0.783956289 0.046705913 0.131183669 -0.004262805 0.990248084
1341846655.410207 -1.081725478 -0.031372230 0.788301587 0.050999328 0.129226387 -0.000000961 0.990302801
1341846655.442262 -1.072885275 -0.029597368 0.784664571 0.057475232 0.119110987 0.002407454 0.991213083
1341846655.474205 -1.068667769 -0.031863589 0.789518356 0.057119120 0.109294757 0.001301070 0.992366076
1341846655.510277 -1.034617424 -0.009717561 0.728889287 0.057054762 0.090343304 0.004550015 0.994264662
1341846655.542135 -1.021017551 -0.009831387 0.731978357 0.053713195 0.081396215 0.008054241 0.995200872
1341846655.578132 -0.994377792 -0.009021645 0.725457668 0.050971944 0.069553889 0.007843296 0.996244252
1341846655.642348 -0.932770491 -0.000865698 0.700928569 0.045676362 0.039610591 0.008892080 0.998131096
1341846655.678110 -0.911351085 -0.004424585 0.715358734 0.046106648 0.026411638 0.013659651 0.998493910
1341846655.710074 -0.892041087 -0.003140238 0.705494523 0.047953472 0.012701944 0.016570132 0.998631358
1341846655.748050 -0.860653520 0.000482181 0.691262662 0.045252718 -0.003010821 0.020806082 0.998754382
1341846655.810222 -0.778120399 0.006294599 0.669220388 0.043260884 -0.036077466 0.022632113 0.998155653
1341846655.846257 -0.745024502 0.007139109 0.654781282 0.041255970 -0.051060908 0.026213098 0.997498751
1341846655.910355 -0.669824302 0.010139412 0.645038784 0.035317123 -0.083174169 0.025316751 0.995587170
1341846655.946240 -0.633372843 -0.000585558 0.649490774 0.030682126 -0.099130459 0.024256337 0.994305491
1341846655.978412 -0.541394413 0.006770364 0.596976340 0.029398585 -0.121088244 0.027378861 0.991828501
1341846656.014188 -0.503411412 0.007383073 0.592027009 0.026781145 -0.130326554 0.029217971 0.990678608
1341846656.046211 -0.497946709 -0.000299656 0.595414877 0.023542067 -0.133909211 0.027709030 0.990326345
1341846656.078165 -0.472686559 0.012326613 0.604541898 0.025395008 -0.142467782 0.031245863 0.988980174
1341846656.114220 -0.446451336 0.019421186 0.603461444 0.024854599 -0.150947392 0.032408856 0.987697721
1341846656.146158 -0.426282048 0.019080747 0.615257740 0.022834340 -0.160171777 0.033298627 0.986263096
1341846656.178154 -0.390538543 0.025298502 0.600600779 0.023788843 -0.171711445 0.035303127 0.984227121
1341846656.214132 -0.373735249 0.023476593 0.606152773 0.022917131 -0.179783434 0.034140095 0.982846498
1341846656.246093 -0.356936753 0.024161093 0.613495886 0.023402760 -0.185822919 0.034157574 0.981710494
1341846656.282181 -0.350200266 0.038299486 0.607876003 0.024995796 -0.189614713 0.034185912 0.980944872
1341846656.314258 -0.333723634 0.042639155 0.610299706 0.024056343 -0.196780920 0.035734180 0.979500771
1341846656.346094 -0.317997187 0.043144599 0.607295573 0.021834126 -0.203219518 0.034093883 0.978295922
1341846656.382222 -0.317842275 0.035972532 0.608425379 0.018526793 -0.206741914 0.032529041 0.977679133
1341846656.414253 -0.297696561 0.047857232 0.606538355 0.022267060 -0.220384032 0.035938434 0.974496603
1341846656.446177 -0.288081288 0.066956587 0.604780912 0.022349272 -0.229772568 0.033671152 0.972404957
1341846656.482260 -0.296358526 0.064729936 0.611167133 0.017379660 -0.234857231 0.034771342 0.971252322
1341846656.519461 -0.302036911 0.044632088 0.607017100 0.014087326 -0.240506560 0.032957986 0.969985545
1341846656.582247 -0.295932889 0.047519311 0.592877626 0.008818302 -0.246032611 0.031071911 0.968723297
1341846656.614195 -0.302078605 0.044397723 0.599024653 0.007035843 -0.248205602 0.030536178 0.968200445
1341846656.649995 -0.300145656 0.048296079 0.592761934 0.007818829 -0.249335259 0.030644272 0.967900753
1341846656.682076 -0.337654918 0.027508520 0.601234257 0.003820557 -0.247473255 0.030879105 0.968395054
1341846656.714216 -0.319679439 0.054673336 0.576007247 0.007062573 -0.253926218 0.028941758 0.966764688
1341846656.749974 -0.330651581 0.071148038 0.575079679 0.007036038 -0.253710926 0.027713725 0.966857433
1341846656.782653 -0.361448437 0.041619368 0.587836385 0.002587114 -0.250377893 0.026174856 0.967790902
1341846656.824388 -0.340976506 0.041953575 0.574142814 0.001435946 -0.257066309 0.028631192 0.965968490
1341846656.856226 -0.329372853 0.038089462 0.567233682 -0.003225738 -0.259481698 0.025216257 0.965413451
1341846656.892050 -0.346572429 0.038571589 0.583565593 -0.004154671 -0.255006939 0.026306165 0.966572404
1341846656.924099 -0.360819370 0.047543749 0.580734611 -0.003111283 -0.251583993 0.023671007 0.967540979
1341846656.956112 -0.318708509 0.029004818 0.568662941 -0.008139600 -0.252294451 0.021866834 0.967369139
1341846656.992122 -0.340844184 0.029351536 0.574347377 -0.009683789 -0.241539255 0.025135504 0.970017135
1341846657.024108 -0.316488445 0.037329216 0.578554690 -0.007584672 -0.243236661 0.027883682 0.969536483
1341846657.056121 -0.289786845 0.033577889 0.582690001 -0.009325389 -0.242245704 0.026419254 0.969810367
1341846657.092006 -0.331051737 0.011927269 0.578641534 -0.008484730 -0.222668186 0.025095914 0.974534333
1341846657.124027 -0.329724729 0.006197040 0.577011049 -0.002833655 -0.212042242 0.026176922 0.976905823
1341846657.155973 -0.322554499 -0.002229847 0.581680715 0.000348242 -0.203021258 0.028303239 0.978765130
1341846657.192094 -0.290923864 -0.000236664 0.572020471 0.002392503 -0.192828000 0.027775267 0.980836511
1341846657.224195 -0.283332050 -0.008257665 0.562024951 0.003229110 -0.180838019 0.025365183 0.983180463
1341846657.292164 -0.265592337 0.010829156 0.587082922 0.008214993 -0.164667234 0.021109773 0.986089051
1341846657.354367 -0.217764527 0.021183496 0.586447597 0.008135162 -0.154391453 0.021196788 0.987748861
1341846657.386193 -0.186384767 0.020708812 0.582769632 0.007564834 -0.148097903 0.020672545 0.988727689
1341846657.418105 -0.158286124 0.021753758 0.592705309 0.010273783 -0.141647965 0.021039987 0.989640176
1341846657.454277 -0.134294137 0.029098814 0.592979550 0.012900465 -0.135453865 0.022001376 0.990455389
1341846657.486117 -0.108774982 0.031680290 0.606041670 0.014049713 -0.126202628 0.020132083 0.991700709
1341846657.522092 -0.096271820 0.029702729 0.598379791 0.016926654 -0.113189042 0.017340364 0.993277907
1341846657.554062 -0.064447977 0.029766867 0.606174111 0.019050801 -0.111627378 0.018342307 0.993398190
1341846657.586078 -0.036570195 0.026020564 0.606763124 0.017561426 -0.101870500 0.014373080 0.994538844
1341846657.622205 0.003398350 0.026722960 0.622570217 0.018212471 -0.097734913 0.015211270 0.994929552
1341846657.654161 0.036056310 0.021871688 0.620797157 0.018720215 -0.096473068 0.014671473 0.995051444
1341846657.686517 0.015574801 0.020630362 0.633809268 0.019081034 -0.079218566 0.012693616 0.996593773
1341846657.722061 0.053812221 0.018730622 0.639721692 0.020950966 -0.073297836 0.012894373 0.997006655
1341846657.754104 0.021332230 0.041710421 0.639816344 0.024813395 -0.058632571 0.009239048 0.997928500
1341846657.790066 0.094082914 0.012999268 0.627179086 0.014667376 -0.056362629 0.008508793 0.998266399
1341846657.822089 0.078048825 0.015961304 0.679302812 0.016707441 -0.037033830 0.007343892 0.999147356
1341846657.853972 0.134328365 0.013051646 0.687926352 0.019699622 -0.037812155 0.012327903 0.999014616
1341846657.889993 0.176022127 0.016233293 0.672853887 0.018607156 -0.030541144 0.011321135 0.999296188
1341846657.922046 0.184517488 0.015661571 0.702094555 0.019575402 -0.019020140 0.013600648 0.999534965
1341846657.954192 0.115835004 0.027699783 0.665426910 0.021886459 0.002095467 0.014991901 0.999645889
1341846657.990141 0.052935585 0.041073125 0.664643109 0.020926643 0.023277031 0.009201117 0.999467671
1341846658.022419 0.022745827 0.032768570 0.689855814 0.022185935 0.037139896 0.009116441 0.999022186
1341846658.090215 0.042947061 0.040714834 0.677558899 0.023757383 0.047825806 0.009615958 0.998526812
1341846658.122355 -0.080879502 0.025389258 0.686958730 0.020925658 0.076225340 0.008356736 0.996836007
1341846658.158136 -0.086685725 0.027086183 0.686555505 0.019528611 0.080613732 0.007545469 0.996525526
1341846658.190098 -0.070645675 0.021834103 0.677084565 0.016644523 0.084198132 0.007857152 0.996279120
1341846658.226027 -0.105142638 0.009401227 0.695783556 0.015821533 0.095908806 0.006165878 0.995245278
1341846658.258133 -0.091950849 0.030458268 0.698329926 0.021297922 0.095447071 0.005150781 0.995193303
1341846658.290020 -0.082822755 0.025234804 0.696941614 0.018990878 0.098151356 0.001411435 0.994989336
1341846658.326239 -0.098332807 0.016443968 0.702673495 0.017827677 0.103922427 -0.001478489 0.994424522
1341846658.358248 -0.120277397 0.058981486 0.713316143 0.021211170 0.107420512 -0.005567712 0.993971825
1341846658.390215 -0.103849955 0.042302541 0.712475479 0.012139324 0.104559116 -0.008971716 0.994404137
1341846658.426300 -0.110781960 0.029105363 0.719942987 0.008446246 0.109344043 -0.008930167 0.993928015
1341846658.458168 -0.150259167 0.025905965 0.715905488 0.010169816 0.112719990 -0.008942064 0.993534565
1341846658.494176 -0.126411885 0.061436668 0.716537118 0.012539167 0.103815570 -0.003400517 0.994511783
1341846658.526214 -0.124551691 0.066751495 0.714781940 0.003397092 0.102399066 -0.004162785 0.994728923
1341846658.558129 -0.126239836 0.072380528 0.707038224 -0.006329197 0.098965675 0.000048284 0.995070755
1341846658.594206 -0.103498265 0.088038988 0.708398759 -0.027845947 0.091350675 0.001683301 0.995427966
1341846658.626105 -0.096366152 0.090542987 0.715826988 -0.044575837 0.084218107 0.002741761 0.995446086
1341846658.658181 -0.145661533 0.054128058 0.716020346 -0.054588035 0.088493861 -0.002421220 0.994576871
1341846658.694141 -0.144000590 0.078691170 0.703330159 -0.061023895 0.086830340 -0.000014230 0.994352400
1341846658.726153 -0.154307544 0.061771356 0.708871067 -0.079358101 0.085588865 0.000920105 0.993164659
1341846658.762100 -0.143784791 0.050222531 0.713752508 -0.084285773 0.076986589 0.001676942 0.993461728
1341846658.794185 -0.129787341 0.070352368 0.696796775 -0.084605768 0.074434668 0.004479473 0.993620336
1341846658.826155 -0.129050672 0.064827859 0.698553145 -0.097557403 0.076762535 0.004533220 0.992254794
1341846658.862197 -0.142869756 0.037732907 0.714971006 -0.107437067 0.075563751 0.006057505 0.991317689
1341846658.894170 -0.086911492 0.021862686 0.690042078 -0.112587996 0.067138501 0.011744331 0.991301417
1341846658.962404 -0.123481929 0.011552207 0.713271022 -0.129887864 0.078312375 0.013572891 0.988338113
1341846658.994217 -0.101360366 0.000395298 0.710974395 -0.133104548 0.072216079 0.015217615 0.988350391
1341846659.030070 -0.106081173 -0.006858916 0.709911227 -0.132982254 0.074429534 0.012933780 0.988235176
1341846659.062007 -0.120564722 -0.020983245 0.707623243 -0.131087691 0.075924203 0.013390592 0.988368452
1341846659.094100 -0.116163582 -0.011745139 0.705000639 -0.128257036 0.074264333 0.011997446 0.988883793
1341846659.130368 -0.108977266 -0.010511614 0.702156425 -0.129271105 0.076014660 0.010487126 0.988635778
1341846659.162537 -0.122241817 -0.020768611 0.709757328 -0.128113925 0.079281703 0.011343575 0.988520384
1341846659.198696 -0.116915159 -0.015211987 0.704738140 -0.124846168 0.076784633 0.009995135 0.989149988
1341846659.231286 -0.097855859 -0.008212301 0.694970012 -0.124461219 0.078010164 0.009702404 0.989105582
1341846659.263549 -0.122834899 -0.016807165 0.708614051 -0.126199186 0.084027514 0.013281354 0.988350570
1341846659.298797 -0.121215284 -0.014307983 0.706409037 -0.126050174 0.082283497 0.012991151 0.988520145
1341846659.331074 -0.107337981 -0.010427043 0.702375174 -0.126583099 0.081736244 0.012927950 0.988498271
1341846659.362420 -0.106063917 -0.010905392 0.706145942 -0.126789227 0.083502695 0.013739858 0.988313317
1341846659.398303 -0.111269996 -0.011531005 0.708446026 -0.124292456 0.083681576 0.015595506 0.988587677
1341846659.430262 -0.105072781 -0.015338711 0.700492382 -0.124716625 0.082158327 0.015982591 0.988655865
1341846659.466583 -0.107326984 -0.011832265 0.705277562 -0.125466540 0.085727356 0.015116964 0.988271475
1341846659.498531 -0.119227752 -0.022316288 0.708334148 -0.125224888 0.087205872 0.016013045 0.988158643
1341846659.530267 -0.106608443 -0.020292254 0.701565325 -0.122928910 0.083540812 0.016656453 0.988752842
1341846659.566571 -0.108254716 -0.015638370 0.698073149 -0.121519588 0.086645693 0.014794517 0.988689363
1341846659.598122 -0.112657808 -0.015500812 0.703596354 -0.119584657 0.089460976 0.016546246 0.988646865
1341846659.630209 -0.119298518 -0.003036654 0.704733014 -0.114454098 0.087856069 0.017030055 0.989389479
1341846659.666409 -0.111324735 -0.015353373 0.696991563 -0.117543541 0.086359195 0.015169294 0.989189327
1341846659.698237 -0.123690769 -0.010284061 0.701006830 -0.117087558 0.088779211 0.014084880 0.989045262
1341846659.734169 -0.133659601 -0.005596835 0.698777258 -0.115289643 0.084805809 0.013576973 0.989612103
1341846659.766421 -0.113609470 -0.013600501 0.701938093 -0.117822118 0.079065308 0.010718131 0.989824176
1341846659.798087 -0.121405803 -0.011777724 0.704256356 -0.117169753 0.080751762 0.010606281 0.989766598
1341846659.834075 -0.136694461 -0.006347096 0.702522278 -0.113851808 0.079993919 0.010238996 0.990219176
1341846659.866481 -0.133675784 -0.003770211 0.702732861 -0.113009602 0.075797483 0.010453158 0.990643382
1341846659.898128 -0.126185566 -0.016475197 0.705336988 -0.115116194 0.073123433 0.010682043 0.990599453
1341846659.934286 -0.118013255 -0.025546353 0.700869083 -0.113750599 0.069220498 0.012477749 0.991016507
1341846659.966354 -0.135737062 -0.012102216 0.698986053 -0.108856492 0.068431757 0.012124348 0.991625190
1341846660.002267 -0.117747635 -0.013441484 0.697626412 -0.108594887 0.063951671 0.010959765 0.991966367
1341846660.034581 -0.132642537 -0.013899498 0.696871340 -0.106420271 0.065846317 0.008681990 0.992100596
1341846660.066206 -0.127281651 -0.028299432 0.690302908 -0.104557775 0.059461739 0.009624770 0.992693007
1341846660.102245 -0.125308260 -0.016993798 0.692966223 -0.099564724 0.056572065 0.007365329 0.993394375
1341846660.140244 -0.124077708 -0.023623154 0.692618310 -0.099921063 0.057017911 0.006071941 0.993341804
1341846660.202316 -0.137731612 -0.014723953 0.692982495 -0.093606859 0.052204493 0.005017466 0.994227052
1341846660.234105 -0.136214077 -0.023601728 0.690131843 -0.092264123 0.053122792 0.004602756 0.994305849
1341846660.270168 -0.213339865 -0.017003121 0.703117132 -0.083976351 0.066067941 0.002531718 0.994271934
1341846660.302258 -0.216612741 -0.018477457 0.707403243 -0.070211031 0.061845113 0.001161745 0.995612562
1341846660.334349 -0.207893640 0.003785907 0.703113675 -0.055405118 0.060158350 -0.001221578 0.996649265
1341846660.370214 -0.203566134 -0.002129817 0.699648619 -0.052869510 0.060138583 -0.002367055 0.996786177
1341846660.401986 -0.215922669 -0.004003606 0.697858393 -0.053606313 0.059827451 -0.003196537 0.996763170
1341846660.438062 -0.152305022 -0.042463686 0.683667481 -0.058757637 0.047785427 -0.002075315 0.997125745
1341846660.470191 -0.192431092 0.031197567 0.694550395 -0.042431321 0.054755006 -0.005185476 0.997584403
1341846660.502233 -0.202920407 0.031540390 0.693450212 -0.040596977 0.054084696 -0.005036070 0.997698069
1341846660.537985 -0.187380388 0.046701428 0.692220747 -0.038016401 0.051120929 -0.004441540 0.997958779
1341846660.570279 -0.191766098 0.025419785 0.692462325 -0.040311761 0.053080581 -0.002192996 0.997773826
1341846660.602130 -0.196961820 0.017076837 0.685992122 -0.037231907 0.051300425 0.001424829 0.997987986
1341846660.638256 -0.186729819 0.050048944 0.687269211 -0.031087039 0.048114110 0.000637250 0.998357773
1341846660.670338 -0.177756846 0.034867141 0.685290098 -0.034282994 0.050272763 0.001087569 0.998146415
1341846660.706457 -0.194937930 0.011415262 0.692450523 -0.032875355 0.053884704 0.005121313 0.997992754
1341846660.738241 -0.198845223 0.020256661 0.691155374 -0.025232546 0.053367198 0.006505143 0.998234987
1341846660.770121 -0.138165757 0.006526744 0.673595786 -0.025475979 0.046865284 0.006561397 0.998554766
1341846660.806117 -0.151661262 -0.019468946 0.673991561 -0.024920749 0.053887013 0.006741539 0.998213232
1341846660.838338 -0.203914031 -0.017638622 0.688080788 -0.015531013 0.062168993 0.008199881 0.997911155
1341846660.870203 -0.174039289 0.010619936 0.681899786 -0.002800871 0.058325276 0.006802206 0.998270571
1341846660.906366 -0.161758631 -0.073498875 0.680219889 -0.012486325 0.063300498 0.006823226 0.997893095
1341846660.938063 -0.171844512 -0.103784665 0.681046426 -0.007100479 0.065429799 0.009482346 0.997786939
1341846660.974147 -0.159371808 -0.082452573 0.673914313 0.008187706 0.062846437 0.008851545 0.997950435
1341846661.006234 -0.161388636 -0.060921386 0.678526342 0.014675545 0.067258857 0.006315912 0.997607708
1341846661.038225 -0.204517484 -0.090866826 0.680357397 0.012942084 0.074694216 0.005700385 0.997106254
1341846661.074059 -0.196204856 -0.094788864 0.677086711 0.025249936 0.070863903 0.006110163 0.997147679
1341846661.106184 -0.188692138 -0.071097821 0.682506561 0.035641566 0.071604341 0.004610905 0.996785522
1341846661.138209 -0.197925180 -0.058738012 0.675909579 0.035612669 0.073798947 0.003770919 0.996630013
1341846661.174244 -0.190625802 -0.079196617 0.680202246 0.033554260 0.072930813 0.003353602 0.996766806
1341846661.206205 -0.176324412 -0.080899015 0.679578722 0.036933709 0.071321622 0.006704579 0.996746838
1341846661.242184 -0.176132694 -0.067380786 0.680997670 0.039861802 0.071345374 0.006653334 0.996632636
1341846661.274177 -0.189692661 -0.051633388 0.677148044 0.040571064 0.074047409 0.003078080 0.996424437
1341846661.308814 -0.196195677 -0.056405623 0.678327680 0.038714863 0.074762508 0.003576570 0.996443212
1341846661.342489 -0.184672698 -0.056101371 0.676072121 0.038097650 0.071992494 0.003325875 0.996671736
1341846661.374640 -0.185835719 -0.061136108 0.677688539 0.036273059 0.072356798 0.002353907 0.996716261
1341846661.410178 -0.183905840 -0.067708597 0.676500142 0.040095955 0.070143752 0.003963627 0.996722877
1341846661.442211 -0.165326297 -0.048433140 0.671890855 0.046313673 0.065618522 0.003201543 0.996764302
1341846661.474354 -0.174389631 -0.043377284 0.676972508 0.045867953 0.068614811 0.002506820 0.996585131
1341846661.510169 -0.182067275 -0.038156100 0.672171533 0.044775695 0.067496747 0.002184270 0.996711910
1341846661.542767 -0.167500108 -0.024861958 0.660182357 0.041331057 0.063697800 0.000634602 0.997112870
1341846661.574217 -0.181879118 -0.053692233 0.666607022 0.035019096 0.067200862 -0.000136042 0.997124791
1341846661.610041 -0.187906966 -0.064390212 0.678804815 0.036249604 0.065058969 0.001783990 0.997221231
1341846661.642253 -0.212003425 -0.069064774 0.664278626 0.033831421 0.068195656 -0.000203783 0.997098207
1341846661.678078 -0.251562208 -0.082136571 0.667131126 0.030234383 0.074370541 -0.002305306 0.996769667
1341846661.710142 -0.166788727 -0.063059084 0.665946603 0.038209222 0.058272392 0.002235516 0.997566760
1341846661.742341 -0.215886980 -0.080505006 0.669778466 0.043175813 0.065615349 -0.000639032 0.996910274
1341846661.778063 -0.263399154 -0.089315526 0.673113227 0.050901726 0.074515231 -0.002345060 0.995917141
1341846661.810103 -0.322432339 -0.101715617 0.687232256 0.055876926 0.085019074 -0.004616146 0.994800568
1341846661.842216 -0.345636100 -0.113646239 0.684148669 0.060904671 0.087299809 -0.012302107 0.994242489
1341846661.878157 -0.391140908 -0.124811940 0.684318900 0.062637590 0.096379623 -0.017348405 0.993220329
1341846661.910222 -0.436958104 -0.120629042 0.699253500 0.064791895 0.105840839 -0.017973717 0.992107213
1341846661.946090 -0.486797512 -0.118135646 0.720592558 0.067693993 0.114683308 -0.019636756 0.990898430
1341846662.010311 -0.579232574 -0.126174554 0.742058933 0.079250067 0.128077880 -0.020720057 0.988375545
1341846662.046195 -0.622428834 -0.126187369 0.745583653 0.088295795 0.132200301 -0.020455942 0.987070680
1341846662.078099 -0.648378193 -0.112955451 0.755921900 0.097781464 0.133254349 -0.018675068 0.986069679
1341846662.110672 -0.905148625 -0.107997917 0.858972669 0.106905520 0.174097374 -0.010407927 0.978852868
1341846662.146166 -0.900450170 -0.109062597 0.846453607 0.114586264 0.171511367 -0.010479533 0.978439569
1341846662.178168 -0.973201036 -0.118522920 0.878252506 0.120992877 0.181796551 -0.007912325 0.975832045
1341846662.214136 -0.814858675 -0.124068104 0.805942953 0.128554136 0.160615057 -0.018892193 0.978427172
1341846662.246167 -0.830683649 -0.100537732 0.825873017 0.146024927 0.161318123 -0.012588116 0.975958407
1341846662.278007 -0.873519123 -0.104805842 0.841112316 0.150495440 0.167729348 -0.012983430 0.974191666
1341846662.314144 -0.913431048 -0.111436687 0.850074351 0.154601306 0.175972849 -0.013949987 0.972078919
1341846662.346164 -0.951800168 -0.112816557 0.865342677 0.159694299 0.180287063 -0.012024904 0.970489442
1341846662.378069 -0.977016449 -0.126247510 0.876427352 0.163765460 0.183416605 -0.011092083 0.969234884
1341846662.414229 -0.982988358 -0.122617185 0.881379604 0.171447694 0.186384946 -0.011475843 0.967333794
1341846662.446102 -1.044199347 -0.145125687 0.899740934 0.174874038 0.194195881 -0.009020961 0.965207577
1341846662.482229 -1.071110487 -0.153636992 0.915161312 0.181667417 0.197561517 -0.009960340 0.963258624
1341846662.514117 -1.101251364 -0.155443579 0.931095719 0.191153467 0.203177825 -0.008486260 0.960264087
1341846662.546261 -0.965955913 -0.105052300 0.881053865 0.205423534 0.182276011 -0.014623865 0.961437881
1341846662.582101 -0.935029209 -0.099462248 0.861928284 0.209021464 0.178056523 -0.017420450 0.961406469
1341846662.620264 -0.972277462 -0.107609838 0.880687177 0.211434424 0.185454234 -0.015011678 0.959519088
1341846662.682024 -0.945119739 -0.109114274 0.863689661 0.219198897 0.179765478 -0.018248141 0.958803058
1341846662.714075 -0.819224179 -0.082926117 0.796804190 0.222979203 0.157556534 -0.020238105 0.961793482
1341846662.750127 -0.966638505 -0.110896207 0.874389410 0.225141257 0.182961866 -0.016397255 0.956852973
1341846662.782002 -0.967646301 -0.100493528 0.870251060 0.229261711 0.182446808 -0.018134510 0.955941081
1341846662.814097 -0.938623905 -0.107028157 0.854495227 0.225362152 0.177868262 -0.018464752 0.957723320
1341846662.850193 -0.950154424 -0.101854496 0.869314075 0.227834642 0.178436384 -0.017539153 0.957049787
1341846662.882162 -0.954378724 -0.106484741 0.862240016 0.229481786 0.178159237 -0.017962934 0.956699967
1341846662.918191 -0.943142176 -0.094476700 0.863489211 0.230118737 0.175345719 -0.017675674 0.957072020
1341846662.956034 -0.940394104 -0.095329419 0.866218984 0.229988143 0.175134793 -0.018938189 0.957117915
1341846663.018208 -0.942940056 -0.095961206 0.864217460 0.235068932 0.171932817 -0.018312428 0.956476033
1341846663.049994 -0.940886676 -0.093349084 0.865783513 0.234569445 0.171343312 -0.020041537 0.956669748
1341846663.118078 -0.940930247 -0.094808824 0.865123570 0.236304611 0.171641618 -0.021452269 0.956158578
1341846663.150227 -0.937220991 -0.094805919 0.866886973 0.237175763 0.171842352 -0.023382032 0.955861509
1341846663.186300 -0.942459106 -0.091828078 0.864891171 0.236892313 0.173162594 -0.023579037 0.955688715
1341846663.218442 -0.955140829 -0.098546132 0.864259481 0.232050076 0.174640641 -0.023332978 0.956613362
1341846663.250380 -0.955945373 -0.102578171 0.862631083 0.225465000 0.175344631 -0.022742096 0.958072364
1341846663.286056 -0.950745344 -0.096349820 0.866745353 0.221894100 0.175115988 -0.021466970 0.958976865
1341846663.318060 -0.951806128 -0.093155466 0.865291536 0.213630289 0.174166366 -0.019401826 0.961068034
1341846663.350114 -0.946144819 -0.089463294 0.869233251 0.203700125 0.172963083 -0.017203949 0.963480175
1341846663.385985 -0.951944947 -0.096043520 0.864858747 0.194001570 0.173629060 -0.015333144 0.965391755
1341846663.418056 -0.950247407 -0.090308465 0.875263155 0.190898538 0.171450540 -0.013620553 0.966424882
1341846663.454044 -0.950609505 -0.095135592 0.867052078 0.182495683 0.170013592 -0.011538991 0.968327224
1341846663.486091 -0.946464121 -0.096296802 0.867820859 0.175638780 0.169038191 -0.009612697 0.969785929
1341846663.518394 -0.930074275 -0.119812101 0.843985081 0.163176954 0.164273575 -0.006419026 0.972803354
1341846663.554251 -0.924479187 -0.125179067 0.839290082 0.156159192 0.163364694 -0.005823789 0.974111080
1341846663.586143 -0.930603564 -0.121459350 0.841956437 0.149517536 0.164120436 -0.003205442 0.975037813
1341846663.622145 -0.927425802 -0.118762270 0.844182014 0.142671466 0.162032232 -0.001776482 0.976415575
1341846663.654099 -0.931193173 -0.122459747 0.846812487 0.136443362 0.161634877 -0.000742894 0.977372408
1341846663.686099 -0.929561377 -0.117680266 0.844610691 0.127376512 0.161476567 0.000480409 0.978621662
1341846663.722109 -0.931013525 -0.120717108 0.844325542 0.118788868 0.161338761 0.002099630 0.979721785
1341846663.755694 -0.927246928 -0.110329092 0.843583167 0.115570374 0.161767811 0.002406247 0.980035186
1341846663.786304 -0.931002736 -0.105723284 0.847562909 0.104156934 0.164651036 0.003349344 0.980831325
1341846663.822090 -0.927350342 -0.140683621 0.846085668 0.079556227 0.165036574 0.006042913 0.983055055
1341846663.854115 -0.923520088 -0.116446093 0.846097171 0.076586775 0.164483488 0.006179488 0.983382702
1341846663.890140 -0.917674661 -0.113367118 0.836719096 0.069601223 0.164506868 0.006992659 0.983892381
1341846663.921987 -0.930278063 -0.091319770 0.842190742 0.048690695 0.168554455 0.006844021 0.984465241
1341846663.954282 -0.928736627 -0.133829623 0.838849902 0.029670304 0.168930635 0.009101115 0.985139251
1341846663.990370 -0.924648166 -0.129338726 0.832331121 0.020495079 0.170518756 0.009865306 0.985091925
1341846664.022124 -0.937335312 -0.114566304 0.836491108 0.007914354 0.174873352 0.010051137 0.984507859
1341846664.054171 -0.939715326 -0.121687107 0.839576721 -0.007574908 0.176097304 0.010937918 0.984282911
1341846664.090250 -0.935183823 -0.133851677 0.845977604 -0.020355739 0.177654207 0.012121822 0.983807743
1341846664.122237 -0.942036450 -0.132573307 0.850510418 -0.025338378 0.179162234 0.013594032 0.983399272
1341846664.158241 -0.942445576 -0.124419689 0.846682191 -0.029677270 0.178022087 0.015200516 0.983461440
1341846664.190141 -0.933087826 -0.123546094 0.841953754 -0.039199308 0.176743284 0.015258350 0.983357787
1341846664.222189 -0.937245905 -0.122595198 0.852667212 -0.046615582 0.178848028 0.017024523 0.982624352
1341846664.258172 -0.935657978 -0.120876022 0.853518963 -0.050455283 0.177991167 0.018089795 0.982571244
1341846664.290022 -0.928201914 -0.107409701 0.846493185 -0.055084925 0.178028747 0.018668313 0.982304990
1341846664.322491 -0.933571398 -0.111822650 0.847502649 -0.065761618 0.180537879 0.020115679 0.981161058
1341846664.358302 -0.934561253 -0.110432066 0.846202493 -0.073176600 0.180235729 0.021513509 0.980661809
1341846664.390101 -0.928779066 -0.110775247 0.845994055 -0.081149459 0.179195210 0.021878410 0.980216920
1341846664.426143 -0.932747602 -0.111804038 0.844632685 -0.089527294 0.180710331 0.023287626 0.979176342
1341846664.458304 -0.930090785 -0.112788171 0.846906006 -0.098885491 0.180561095 0.025131656 0.978257596
1341846664.490116 -0.928818703 -0.110064521 0.845251560 -0.107430875 0.181947663 0.025518944 0.977088809
1341846664.526173 -0.932140291 -0.116223998 0.849018097 -0.116577424 0.183014259 0.028338118 0.975762546
1341846664.558129 -0.930987298 -0.110732742 0.849185705 -0.123055771 0.182207093 0.029882642 0.975071728
1341846664.590129 -0.924112380 -0.115212269 0.849366665 -0.131071165 0.183308542 0.029639844 0.973827422
1341846664.626196 -0.934207678 -0.125287235 0.855562329 -0.134982362 0.187154025 0.030881554 0.972522259
1341846664.658276 -0.933394253 -0.144922450 0.859428704 -0.135513827 0.186137155 0.031176066 0.972634077
1341846664.694136 -0.926333547 -0.124679059 0.852150261 -0.131649360 0.185648009 0.029526204 0.973309577
1341846664.726667 -0.930235624 -0.124784693 0.852283180 -0.135122448 0.189470470 0.029030964 0.972111225
1341846664.758141 -0.933860719 -0.127157569 0.855726123 -0.136290476 0.189639732 0.031233788 0.971846819
1341846664.794104 -0.933461785 -0.121652015 0.855533302 -0.136537001 0.188400492 0.030540852 0.972075224
1341846664.826123 -0.933232486 -0.128278419 0.856174648 -0.139898852 0.189478695 0.032209750 0.971333444
1341846664.862093 -0.934852242 -0.127536535 0.855728090 -0.140493110 0.188571587 0.034930315 0.971330225
1341846664.894198 -0.936503708 -0.127383083 0.856186867 -0.141075805 0.188709199 0.034508232 0.971234083
1341846664.926270 -0.932165921 -0.121772654 0.851234257 -0.141452491 0.190737039 0.034934960 0.970767856
1341846664.962375 -0.935170352 -0.122184254 0.851734281 -0.143599764 0.190939784 0.035300657 0.970399439
1341846664.997077 -0.928838968 -0.123397112 0.850592256 -0.146720216 0.189864159 0.034416381 0.970175445
1341846665.026380 -0.930652320 -0.123764664 0.852451205 -0.149712071 0.191415265 0.033872504 0.969432414
1341846665.062417 -0.937460601 -0.130777478 0.854504466 -0.151838720 0.192493871 0.035791788 0.968818903
1341846665.094077 -0.930568755 -0.117059991 0.845804095 -0.152071118 0.190404937 0.035297863 0.969213307
1341846665.130160 -0.928720891 -0.120304011 0.845602036 -0.157858893 0.193078965 0.036881063 0.967698753
1341846665.162114 -0.942572057 -0.116614483 0.848292351 -0.160083398 0.194469988 0.039412841 0.966954708
1341846665.194100 -0.935805261 -0.116135284 0.845957339 -0.162178695 0.191831693 0.039533347 0.967127681
1341846665.230221 -0.962422013 -0.116146624 0.844422638 -0.168352440 0.198777810 0.040701792 0.964618146
1341846665.262005 -0.966667414 -0.111803822 0.847580969 -0.176751137 0.200081766 0.042078320 0.962785423
1341846665.300077 -0.965718806 -0.114474140 0.850588799 -0.185413480 0.199619994 0.042266142 0.961242557
1341846665.362294 -0.959555268 -0.119308837 0.844430089 -0.195240781 0.201957896 0.044299286 0.958713531
1341846665.398079 -0.965553999 -0.108182237 0.843096852 -0.196495652 0.200028583 0.044771880 0.958839655
1341846665.430162 -0.962787628 -0.107000723 0.835225403 -0.205896303 0.200479046 0.042617943 0.956869185
1341846665.462226 -0.960579693 -0.107453600 0.837535203 -0.216020152 0.203560591 0.045919914 0.953828990
1341846665.498226 -0.957332015 -0.115395769 0.841716707 -0.222698390 0.200705692 0.047954664 0.952797472
1341846665.530109 -0.956512213 -0.121851444 0.840553463 -0.224525690 0.200302184 0.047768258 0.952462852
1341846665.562222 -0.952341437 -0.118077159 0.837324440 -0.224301800 0.201151818 0.049596507 0.952243090
1341846665.598196 -0.961718023 -0.105114684 0.836773634 -0.223646432 0.201401234 0.049865894 0.952330410
1341846665.630107 -0.957173347 -0.110073373 0.835892975 -0.228460640 0.200952977 0.048709359 0.951341748
1341846665.666289 -0.961617291 -0.105988786 0.835943043 -0.231683210 0.203827247 0.049261373 0.949921429
1341846665.698060 -0.960640907 -0.112156674 0.834555686 -0.235689104 0.202114537 0.051046725 0.949207366
1341846665.730361 -0.958278179 -0.105622366 0.829599261 -0.237234280 0.200761631 0.049750850 0.949178338
1341846665.766193 -0.959650099 -0.099025249 0.825659692 -0.240076497 0.202798128 0.050780088 0.947975516
1341846665.798338 -0.968236804 -0.103101268 0.830159187 -0.243895307 0.205224693 0.051634610 0.946431100
1341846665.834237 -0.966409028 -0.102410942 0.827106059 -0.247659639 0.204602003 0.052021872 0.945566773
1341846665.866106 -0.968546629 -0.109663725 0.825447917 -0.255209059 0.207068130 0.052968722 0.942966282
1341846665.898073 -0.965723574 -0.103040412 0.819171190 -0.260618716 0.208759680 0.055104200 0.940989256
1341846665.934076 -0.984000683 -0.104139596 0.830165029 -0.265324891 0.211448416 0.058868658 0.938843310
1341846665.966137 -0.995263577 -0.118773371 0.838560998 -0.272568226 0.213887170 0.060085986 0.936134934
1341846665.998149 -0.986623824 -0.109902069 0.830673873 -0.274618834 0.215035588 0.061564095 0.935176015
1341846666.034210 -0.985578775 -0.101924002 0.824865639 -0.272427440 0.213670418 0.063789263 0.935980320
1341846666.072502 -0.994225979 -0.108462662 0.827873766 -0.274812937 0.214605764 0.064242646 0.935037553
1341846666.134147 -0.982026577 -0.103065312 0.820414901 -0.281827867 0.214152738 0.065827377 0.932940781
1341846666.166356 -0.989598453 -0.104360923 0.820380569 -0.283229262 0.214117318 0.065934181 0.932516873
1341846666.202327 -0.993784368 -0.109323472 0.822383761 -0.286706835 0.217040271 0.065845892 0.930783093
1341846666.234319 -0.987641811 -0.100057915 0.818273783 -0.287424684 0.214166626 0.066625729 0.931171715
1341846666.266322 -0.994673014 -0.118825987 0.826439738 -0.295754045 0.213218898 0.068994939 0.928604841
1341846666.302195 -1.012677550 -0.156852081 0.844323575 -0.314350635 0.218187436 0.072182208 0.921068728
1341846666.335080 -1.006705761 -0.136704147 0.834410727 -0.321081817 0.216176748 0.071717873 0.919255495
1341846666.370216 -1.011273742 -0.100649327 0.828084528 -0.319644481 0.213516101 0.075165398 0.920102417
1341846666.402019 -1.015614033 -0.122020096 0.835326791 -0.329468399 0.214473605 0.077745073 0.916191816
1341846666.434088 -1.008666873 -0.090486988 0.823651910 -0.328553855 0.213990733 0.080450341 0.916399598
1341846666.470060 -1.025074005 -0.080268025 0.827214956 -0.327531159 0.214271992 0.083898112 0.916390717
1341846666.502190 -1.016510725 -0.139515251 0.849319398 -0.344507277 0.214119375 0.091196127 0.909478366
1341846666.534121 -1.031631708 -0.102120548 0.836813569 -0.347783029 0.217974722 0.089414805 0.907490492
1341846666.570131 -1.023962379 -0.107436955 0.839801610 -0.356099874 0.215939805 0.091969945 0.904491305
1341846666.602180 -1.043298483 -0.087239295 0.834903955 -0.357576340 0.217832267 0.094532669 0.903189898
1341846666.638072 -1.081844807 -0.059133649 0.827139199 -0.357090920 0.224877030 0.094923757 0.901612937
1341846666.670134 -1.089720011 -0.059533238 0.837166786 -0.360601038 0.224927068 0.095109768 0.900182724
1341846666.738266 -1.079350591 -0.064079881 0.830788672 -0.365272433 0.220047355 0.099163711 0.899067163
1341846666.770390 -1.078090072 -0.078277230 0.839237094 -0.370081514 0.218210414 0.101937681 0.897236168
1341846666.802119 -1.081474543 -0.066906095 0.834512174 -0.368639737 0.215506017 0.104459934 0.898192644
1341846666.838108 -1.087699533 -0.055501461 0.826719165 -0.367403835 0.215263188 0.105650380 0.898617923
1341846666.870483 -1.084823728 -0.057295948 0.825821221 -0.370330691 0.214201763 0.107542969 0.897444904
1341846666.906019 -1.089787841 -0.055472285 0.825427890 -0.372799724 0.213937387 0.108247228 0.896400511
1341846666.937989 -1.083488941 -0.051611245 0.819733620 -0.375573367 0.210107461 0.109213933 0.896031141
1341846666.970036 -1.084827423 -0.053819895 0.814593494 -0.379159272 0.209415212 0.107524633 0.894886553
1341846667.006200 -1.092982292 -0.060551524 0.820597053 -0.383396715 0.210874572 0.105721213 0.892951310
1341846667.038153 -1.154263735 -0.057626396 0.827523112 -0.383648425 0.217617720 0.103495546 0.891484737
1341846667.074153 -1.101695538 -0.050595701 0.802240074 -0.389317423 0.205613181 0.105419897 0.891651154
1341846667.106156 -1.096777797 -0.050198615 0.806705952 -0.396397710 0.205662355 0.104219124 0.888656437
1341846667.138108 -1.103386521 -0.061384410 0.821221411 -0.399074882 0.203574941 0.103119411 0.888066947
1341846667.174105 -1.084602118 -0.062716573 0.806129456 -0.397593319 0.199430764 0.101402633 0.889867723
1341846667.206107 -1.102391243 -0.063772559 0.811461449 -0.397114486 0.205214813 0.095663227 0.889401793
1341846667.238075 -1.115320683 -0.068735063 0.819263458 -0.393938839 0.206969470 0.092771932 0.890712798
1341846667.274016 -1.068440437 -0.089043975 0.813042998 -0.393035591 0.198085323 0.091078453 0.893302917
1341846667.306189 -1.075781465 -0.138514757 0.834782481 -0.393516153 0.203434497 0.084625803 0.892523408
1341846667.342253 -1.030261993 -0.175192803 0.817371130 -0.385883451 0.193198055 0.091786735 0.897409499
1341846667.374345 -1.021473169 -0.117898941 0.803177893 -0.368289351 0.190060034 0.080555178 0.906504810
1341846667.406982 -1.014767408 -0.117744654 0.803665042 -0.363351792 0.191532269 0.074848175 0.908674121
1341846667.442109 -1.049153805 -0.202610940 0.843626797 -0.367734849 0.199145675 0.071968801 0.905501306
1341846667.474109 -1.062448740 -0.208161563 0.822896123 -0.354103893 0.199685425 0.065274961 0.911304235
1341846667.506006 -1.066843867 -0.204214156 0.824284196 -0.342081100 0.202471673 0.062855974 0.915442467
1341846667.542298 -1.042474151 -0.237285346 0.812278092 -0.333118677 0.196754515 0.066944450 0.919694543
1341846667.574196 -1.046798229 -0.201600015 0.816380203 -0.313157439 0.195898831 0.058805306 0.927414715
1341846667.610099 -1.037172318 -0.178699747 0.800034463 -0.299111962 0.196623445 0.053617660 0.932199776
1341846667.642293 -1.053142309 -0.179343909 0.812118351 -0.291725069 0.199542120 0.052434981 0.933986127
1341846667.674072 -1.086719871 -0.103399396 0.776481271 -0.272461325 0.203896567 0.048684582 0.939053178
1341846667.710179 -1.077481985 -0.099920124 0.771815717 -0.271471322 0.205157578 0.046568304 0.939172626
1341846667.742255 -1.078031659 -0.108669534 0.773188651 -0.269008011 0.206385791 0.046239164 0.939628422
1341846667.774114 -1.081254601 -0.103158861 0.775433838 -0.260192871 0.206151560 0.046435397 0.942149103
1341846667.810099 -1.097866297 -0.103851080 0.781207681 -0.256926954 0.212609500 0.043449469 0.941752613
1341846667.842103 -1.114698529 -0.112910107 0.806397259 -0.255204469 0.218490377 0.040139839 0.941021502
1341846667.878139 -1.073628426 -0.112596810 0.787204862 -0.245219663 0.210407943 0.042202879 0.945417762
1341846667.910558 -1.037146926 -0.111649960 0.773971438 -0.239988372 0.207519531 0.041262846 0.947437942
1341846667.942116 -0.988475263 -0.109867170 0.762214601 -0.235225260 0.202424482 0.038646091 0.949842095
1341846667.978287 -0.999922395 -0.114966363 0.760618687 -0.227866262 0.204276353 0.038452629 0.951246321
1341846668.010215 -0.944076657 -0.110277906 0.740153909 -0.219263360 0.197364911 0.036345374 0.954803526
1341846668.046247 -0.905080974 -0.106426224 0.728882730 -0.210557923 0.194528922 0.034653202 0.957404315
1341846668.078111 -0.873410225 -0.099460475 0.722010911 -0.200786948 0.190162554 0.033905521 0.960402668
1341846668.110130 -0.897133112 -0.090901606 0.729741096 -0.191728234 0.197252735 0.031810690 0.960895300
1341846668.146332 -0.870798707 -0.094647951 0.717849612 -0.184852034 0.195620552 0.029280789 0.962655187
1341846668.178208 -0.904329300 -0.095613413 0.736039817 -0.172716141 0.199740827 0.032743763 0.963950515
1341846668.211262 -0.901582479 -0.089667216 0.745546401 -0.160719648 0.200646237 0.029282520 0.965946615
1341846668.246163 -0.918737411 -0.094661400 0.751201093 -0.148234233 0.205783337 0.028936505 0.966872573
1341846668.278397 -0.927413762 -0.095266789 0.740976810 -0.134863675 0.204106659 0.029841518 0.969155192
1341846668.314248 -0.904783547 -0.093839586 0.735823154 -0.125823811 0.200655773 0.027249809 0.971165836
1341846668.346231 -0.859550118 -0.089773312 0.706423759 -0.118164793 0.193189085 0.028277846 0.973609507
1341846668.378099 -0.830222249 -0.073915951 0.697682261 -0.108791418 0.186969042 0.030878637 0.975834787
1341846668.414247 -0.937768757 -0.112468079 0.750230610 -0.110749990 0.208648980 0.028166777 0.971291244
1341846668.445965 -0.932101250 -0.118795790 0.749305189 -0.102754034 0.208264634 0.030761210 0.972173452
1341846668.478153 -0.938969493 -0.080727227 0.753726661 -0.077517651 0.207424477 0.026484439 0.974815249
1341846668.514213 -0.952318311 -0.125633627 0.760019362 -0.071590133 0.210609421 0.025249625 0.974618435
1341846668.546115 -0.950649500 -0.142185479 0.754025340 -0.067562088 0.210132793 0.025117910 0.975012124
1341846668.582467 -0.931488097 -0.139974400 0.746670544 -0.060423005 0.205716565 0.021708705 0.976503193
1341846668.614140 -0.908561885 -0.122095853 0.747844338 -0.044466306 0.203435376 0.017747756 0.977917135
1341846668.646312 -0.935248971 -0.117234498 0.742280900 -0.031678353 0.206336781 0.014108758 0.977866352
1341846668.682455 -0.949671686 -0.131723389 0.756943464 -0.027494853 0.207311645 0.012004493 0.977814853
1341846668.714133 -0.957811415 -0.141200140 0.750615299 -0.016692568 0.205400571 0.009977536 0.978484809
1341846668.746132 -1.069383144 -0.091111861 0.801975429 -0.000050995 0.223389089 0.002383519 0.974726498
1341846668.782338 -1.061038971 -0.084895596 0.795754552 -0.000341170 0.221230790 0.002050733 0.975219250
1341846668.814140 -1.075375319 -0.103058353 0.808672130 -0.006141297 0.224809200 0.000950006 0.974382997
1341846668.850214 -1.086285353 -0.087348938 0.806104004 -0.003076714 0.225194559 0.000544636 0.974308848
1341846668.882442 -1.063107491 -0.088551670 0.798470199 -0.006370356 0.219523922 -0.000548440 0.975586176
1341846668.914289 -1.070481181 -0.084666602 0.799859345 -0.006473335 0.219637737 -0.003405665 0.975554168
1341846668.950088 -1.068614483 -0.093800344 0.792127013 -0.006909550 0.215006709 -0.004838398 0.976576149
1341846668.982227 -1.045103788 -0.120846272 0.780107558 -0.017802911 0.207529441 -0.008073487 0.978033483
1341846669.014062 -1.041515589 -0.098050237 0.775177717 -0.022193467 0.205628484 -0.012538875 0.978298128
1341846669.050056 -1.044126868 -0.094137318 0.777131200 -0.026431791 0.202002630 -0.016428754 0.978890419
1341846669.082525 -1.070029020 -0.056108929 0.790617049 -0.028200859 0.202316165 -0.028055144 0.978512108
1341846669.118346 -1.097274065 -0.060742162 0.800829947 -0.039936133 0.205522045 -0.035615359 0.977188528
1341846669.150086 -1.060837269 -0.082232043 0.783683300 -0.048334997 0.195002839 -0.037556905 0.978890836
1341846669.182477 -1.059004068 -0.088624850 0.784602046 -0.052451540 0.190648124 -0.044347547 0.979252517
1341846669.218046 -1.062477469 -0.082864851 0.780177474 -0.060301550 0.191329062 -0.052272487 0.978276312
1341846669.250205 -1.061434507 -0.088442840 0.786860704 -0.066302888 0.188980952 -0.055830572 0.978147864
1341846669.286114 -1.048776150 -0.078430548 0.780241370 -0.066044338 0.184875831 -0.060739052 0.978657186
1341846669.318030 -1.050771952 -0.075066350 0.779747844 -0.068983257 0.186284259 -0.066509172 0.977811873
1341846669.350255 -1.035228968 -0.092856899 0.775194466 -0.074143276 0.180646658 -0.069531955 0.978281617
1341846669.418200 -1.061829925 -0.023462854 0.786667347 -0.075992391 0.182920858 -0.092537567 0.975808382
1341846669.450219 -1.055474281 -0.072472394 0.781252384 -0.088986367 0.177987486 -0.098300688 0.975058436
1341846669.486175 -1.059703350 -0.091405213 0.774632514 -0.098019704 0.174269766 -0.108618557 0.973768055
1341846669.518033 -1.021000862 -0.051131018 0.758900821 -0.098712638 0.169775158 -0.119381636 0.973231852
1341846669.554159 -1.044988632 -0.063952699 0.775838375 -0.108752377 0.174289823 -0.128505483 0.970197022
1341846669.586348 -1.079756975 -0.021634098 0.790220559 -0.108992606 0.180671170 -0.138367504 0.967643082
1341846669.617976 -1.061867714 -0.028088138 0.766752303 -0.118610524 0.178802952 -0.146947876 0.965591788
1341846669.654096 -1.083034158 -0.037043661 0.791459322 -0.126456797 0.186218604 -0.153891444 0.962106466
1341846669.686069 -1.044388890 -0.076546378 0.773440480 -0.132557690 0.178310692 -0.157452345 0.962207079
1341846669.718075 -1.059783816 -0.033256397 0.768605649 -0.130263180 0.183284178 -0.165734932 0.960192919
1341846669.754171 -1.074113965 -0.048830546 0.769738555 -0.141828954 0.187449709 -0.174099609 0.956261754
1341846669.786139 -1.034978628 -0.102943070 0.759057879 -0.154681250 0.179864660 -0.178499684 0.954913795
1341846669.822151 -1.045393705 -0.110259160 0.763988614 -0.160154730 0.181906864 -0.184573159 0.952466905
1341846669.854118 -1.082817078 -0.046506733 0.770547926 -0.158760756 0.191439509 -0.194286212 0.948893487
1341846669.886219 -1.059817076 -0.049711108 0.762665868 -0.165174037 0.189225823 -0.201784208 0.946675420
1341846669.922050 -1.089137912 -0.063706055 0.789303660 -0.173431978 0.195247561 -0.210054174 0.942166150
1341846669.954047 -1.074724793 -0.056557938 0.753104985 -0.176396593 0.191974103 -0.216753289 0.940770090
1341846669.986285 -1.075110078 -0.046876311 0.763053417 -0.183830082 0.195324779 -0.224636927 0.936799347
1341846670.022242 -1.077475548 -0.050514817 0.776028752 -0.189568028 0.199100614 -0.232394084 0.932960868
1341846670.054135 -1.080769539 -0.039789945 0.769361734 -0.192654222 0.202351838 -0.239961833 0.929707706
1341846670.090228 -1.069292903 -0.040787101 0.754693329 -0.198514432 0.201835394 -0.248051763 0.926458299
1341846670.121996 -1.066229582 -0.055495143 0.749559522 -0.206691846 0.204035610 -0.259287417 0.921096146
1341846670.154057 -1.064710855 -0.042046696 0.758730829 -0.210167468 0.208900124 -0.267861396 0.916755557
1341846670.190103 -1.066094756 -0.036688894 0.765321195 -0.215133250 0.211481705 -0.276416808 0.912462056
1341846670.222197 -1.060162783 -0.049704403 0.777165532 -0.220981330 0.213509664 -0.287423044 0.907176375
1341846670.258571 -1.036367893 -0.049156785 0.762145400 -0.221674219 0.213849127 -0.294506550 0.904651880
1341846670.290254 -0.985600233 -0.061944783 0.735886216 -0.223176986 0.205738500 -0.300849766 0.904075921
1341846670.358377 -1.089474916 -0.051058769 0.766241372 -0.227844536 0.235729948 -0.316324890 0.890200436
1341846670.390114 -1.049326658 -0.065811962 0.736912727 -0.226571411 0.233119935 -0.322729737 0.888912857
1341846670.422206 -1.001302004 -0.073048741 0.719347537 -0.222040132 0.231315449 -0.331148714 0.887429953
1341846670.464003 -0.985517561 -0.054290682 0.704172671 -0.213491976 0.238468125 -0.345219553 0.882257104
1341846670.526271 -0.950679183 -0.039559782 0.678754330 -0.203282982 0.246543065 -0.359736234 0.876631320
1341846670.566977 -1.000771761 -0.031669348 0.697138190 -0.204932496 0.258493721 -0.366990030 0.869771242
1341846670.596103 -0.967967629 -0.037352711 0.679127157 -0.200857192 0.255174696 -0.370223135 0.870331645
1341846670.628412 -1.004886985 -0.077191204 0.689535320 -0.208670542 0.259998888 -0.377938449 0.863724351
1341846670.664027 -0.980018616 -0.080433577 0.670395434 -0.203506023 0.258709222 -0.383656710 0.862822294
1341846670.696002 -0.968480110 -0.081272066 0.667600513 -0.196814448 0.262895793 -0.387802333 0.861254454
1341846670.728093 -0.950977087 -0.080580533 0.648659527 -0.190027460 0.263706148 -0.395152450 0.859187543
1341846670.764128 -0.941565275 -0.080004454 0.635778546 -0.185271427 0.267373055 -0.401291907 0.856242359
1341846670.796059 -0.941704512 -0.081134945 0.628485084 -0.179886088 0.273853451 -0.406219006 0.853013158
1341846670.832246 -0.901511192 -0.079114348 0.625714600 -0.169708282 0.272748977 -0.410195798 0.853549361
1341846670.863970 -0.883588076 -0.082108676 0.606533408 -0.163935021 0.270552158 -0.408864945 0.856011927
1341846670.896139 -0.856176496 -0.093674481 0.594551086 -0.158148214 0.272211164 -0.409860045 0.856098711
1341846670.932028 -0.855579495 -0.090621412 0.600849152 -0.145686567 0.279374093 -0.406920075 0.857403994
1341846670.964063 -0.836928427 -0.083453089 0.594139755 -0.132542163 0.277863860 -0.404328078 0.861245036
1341846671.000270 -0.830314279 -0.087745339 0.578104675 -0.126089945 0.276813090 -0.407291204 0.861156046
1341846671.032112 -0.813842535 -0.090064734 0.574965179 -0.118121982 0.280539691 -0.411540717 0.859057009
1341846671.064030 -0.800725818 -0.082792193 0.569897234 -0.107221119 0.282389611 -0.415592521 0.857929230
1341846671.101398 -0.792671084 -0.081288546 0.567849636 -0.100136720 0.281848520 -0.422251314 0.855709016
1341846671.132289 -0.785327554 -0.079406738 0.563589334 -0.089485757 0.282708317 -0.431696385 0.851884127
1341846671.168159 -0.779966354 -0.080772847 0.569186687 -0.077768758 0.279885083 -0.435536295 0.852012038
1341846671.200149 -0.773141265 -0.084555686 0.557019353 -0.066883475 0.273354679 -0.439677238 0.852928936
1341846671.232280 -0.771723509 -0.095000714 0.545165062 -0.059690118 0.271516681 -0.448015362 0.849704683
1341846671.268147 -0.759564757 -0.085406184 0.547804713 -0.047036991 0.272804171 -0.451613456 0.848180830
1341846671.300337 -0.743938327 -0.074098229 0.539263129 -0.035721812 0.267600089 -0.453809589 0.849217892
1341846671.336125 -0.734018922 -0.087201476 0.527109325 -0.031537294 0.262556642 -0.459003597 0.848165751
1341846671.368236 -0.722886980 -0.075215250 0.523467898 -0.022528704 0.262415886 -0.462898463 0.846377790
1341846671.400327 -0.711931825 -0.069680631 0.520087838 -0.016034083 0.257144541 -0.464876801 0.847059190
1341846671.436064 -0.696144104 -0.063231260 0.513329983 -0.009038320 0.251996666 -0.472267091 0.844618142
1341846671.468197 -0.683454752 -0.047587603 0.508596957 -0.001327300 0.250390589 -0.477724135 0.842070341
1341846671.504294 -0.689718962 -0.034913391 0.500822902 0.002093775 0.245786235 -0.483121365 0.840344250
1341846671.536197 -0.674814701 -0.029602855 0.492876321 0.007536088 0.235559613 -0.492730051 0.837658644
1341846671.568120 -0.672157884 -0.016922951 0.477748454 0.016738731 0.232396990 -0.501776516 0.833025753
1341846671.604188 -0.661947370 -0.025608033 0.494650662 0.019795582 0.226121947 -0.507745802 0.831066310
1341846671.636057 -0.666703880 -0.042454928 0.505165517 0.024073176 0.215431586 -0.514312625 0.829754353
1341846671.672157 -0.638051629 -0.033930242 0.490598738 0.037986126 0.203554139 -0.519870043 0.828768909
1341846671.704027 -0.630060375 -0.028310746 0.475945950 0.041305337 0.198908627 -0.522617221 0.828009963
1341846671.736479 -0.626904964 -0.021813095 0.476644993 0.040963490 0.195193723 -0.529649377 0.824434936
1341846671.774745 -0.622449994 -0.020598561 0.482878387 0.043280251 0.190654010 -0.535098314 0.821856320
1341846671.804605 -0.617097020 -0.014404655 0.479525119 0.045906071 0.185357839 -0.537937403 0.821071506
1341846671.840252 -0.618219674 -0.014926910 0.474200189 0.045575887 0.180891737 -0.542212069 0.819272339
1341846671.872106 -0.628966570 -0.010355711 0.458116084 0.046977740 0.180261701 -0.546468437 0.816499233
1341846671.904035 -0.614104152 -0.002294272 0.467329949 0.048597086 0.176709488 -0.548908532 0.815543711
1341846671.972239 -0.617703021 -0.005467623 0.474754274 0.045489233 0.174096167 -0.560314775 0.808497727
1341846672.034218 -0.626055777 -0.012086362 0.479175806 0.041591760 0.169348598 -0.572533309 0.801122248
1341846672.066227 -0.622679830 -0.017964423 0.463319898 0.039944906 0.167888999 -0.576623261 0.798575819
1341846672.098024 -0.618375063 -0.023793131 0.476605922 0.038918704 0.164154261 -0.580078661 0.796898723
1341846672.134061 -0.617532611 -0.025917709 0.471695542 0.038228683 0.160435811 -0.586974680 0.792628348
1341846672.166000 -0.618917108 -0.034220040 0.469489276 0.035741627 0.159751803 -0.591836154 0.789260328
1341846672.198405 -0.625676274 -0.031602353 0.464139521 0.035104882 0.159902543 -0.595722079 0.786329508
1341846672.234130 -0.628370166 -0.051139921 0.472847819 0.032199778 0.155627519 -0.597284198 0.786126554
1341846672.266403 -0.624944806 -0.052715331 0.466591150 0.034715768 0.154183656 -0.599266231 0.784794450
1341846672.302710 -0.623941302 -0.046343088 0.462997943 0.034852348 0.154011205 -0.600355506 0.783989310
1341846672.335022 -0.618906736 -0.050019979 0.461831689 0.033011455 0.150938645 -0.602883458 0.782725632
1341846672.366487 -0.613967359 -0.043500602 0.460746825 0.035540607 0.150732204 -0.606827140 0.779600918
1341846672.402478 -0.611677408 -0.042265266 0.453722656 0.037166920 0.151103988 -0.605282664 0.780653119
1341846672.434330 -0.605964303 -0.045909703 0.460681677 0.036374092 0.150017709 -0.604174912 0.781757176
1341846672.472323 -0.598479927 -0.043628842 0.467261910 0.037732463 0.149116173 -0.603569686 0.782332659
1341846672.534812 -0.591370404 -0.045172364 0.466892213 0.037276335 0.145876899 -0.601574838 0.784498632
1341846672.570153 -0.596610665 -0.045513749 0.465582192 0.033844199 0.145195648 -0.601921022 0.784515142
1341846672.608881 -0.603029132 -0.040284425 0.469684839 0.034434769 0.144719094 -0.600477397 0.785682917
1341846672.640836 -0.581433415 -0.032172769 0.464996248 0.037234560 0.140721917 -0.597110748 0.788840771
1341846672.708152 -0.583721280 -0.037849486 0.470533103 0.036079269 0.138075441 -0.584079266 0.799052477
1341846672.770288 -0.575826228 -0.029681146 0.475297391 0.042504385 0.133318707 -0.563416600 0.814236641
1341846672.803280 -0.587121487 -0.033074975 0.474052429 0.043397222 0.132111400 -0.553859234 0.820916057
1341846672.838034 -0.583017588 -0.034508020 0.483661711 0.045773361 0.128769651 -0.543913960 0.827937722
1341846672.870092 -0.584739983 -0.032276839 0.486838996 0.046980817 0.125512943 -0.535936713 0.833553314
1341846672.902275 -0.584151387 -0.027981848 0.487850904 0.048358474 0.123191141 -0.529589474 0.837866604
1341846672.938315 -0.588812292 -0.022069901 0.478752434 0.048721410 0.120628081 -0.521233261 0.843439937
1341846672.970326 -0.588337302 -0.020360813 0.479760051 0.048098627 0.117461286 -0.511662185 0.849759519
1341846673.008221 -0.585686266 -0.016718283 0.483675718 0.047448006 0.115213849 -0.501699924 0.856020868
1341846673.070235 -0.592607379 -0.015684426 0.480048686 0.043576706 0.113633417 -0.481544077 0.867930830
1341846673.106189 -0.595922828 -0.020149425 0.480680287 0.045274980 0.110997304 -0.468820214 0.875121415
1341846673.138104 -0.597922921 -0.025362164 0.488309741 0.046418015 0.108026221 -0.455531389 0.882421076
1341846673.170298 -0.605870545 -0.021616817 0.486360610 0.047612559 0.106692486 -0.445820093 0.887465060
1341846673.206489 -0.603725791 -0.025674656 0.483708769 0.050295625 0.102813400 -0.436554521 0.892367601
1341846673.238153 -0.601372898 -0.025391281 0.489314139 0.053534593 0.098330058 -0.426129222 0.897707760
1341846673.274220 -0.599989474 -0.035501808 0.491388083 0.054504111 0.094894409 -0.418303430 0.901690960
1341846673.306107 -0.590831697 -0.027144305 0.499269247 0.061080150 0.091432981 -0.408617258 0.906058013
1341846673.338187 -0.604886472 -0.021615386 0.483662218 0.063959546 0.090548612 -0.399577767 0.909971297
1341846673.374098 -0.605325222 -0.020028695 0.482626349 0.068338834 0.088909514 -0.390487492 0.913752973
1341846673.406266 -0.603264570 -0.026608400 0.484167993 0.071196392 0.086793326 -0.378615588 0.918721020
1341846673.438267 -0.606533587 -0.026238158 0.492357880 0.075682826 0.084180519 -0.366274536 0.923595548
1341846673.474135 -0.599158168 -0.023089163 0.492943585 0.082267918 0.080668278 -0.352308929 0.928764284
1341846673.506260 -0.594062328 -0.028073311 0.488950610 0.086213313 0.076380849 -0.337480158 0.934259236
1341846673.542168 -0.598579288 -0.024399098 0.492465973 0.087389618 0.072717905 -0.325019419 0.938849092
1341846673.574072 -0.601190329 -0.023728907 0.495998412 0.087938160 0.069685645 -0.313837200 0.942823946
1341846673.606102 -0.606891096 -0.024520803 0.489284307 0.088497534 0.065985203 -0.303107619 0.946541011
1341846673.648026 -0.613389492 -0.018709086 0.490155458 0.088123105 0.061102070 -0.290597528 0.950817525
1341846673.710162 -0.631197333 -0.018338053 0.489748478 0.080110632 0.053904928 -0.266841859 0.958891034
1341846673.742225 -0.636956692 -0.018800857 0.493024021 0.076527506 0.048467085 -0.249117106 0.964227736
1341846673.774298 -0.655018568 -0.007659754 0.480769724 0.076802477 0.045885477 -0.236355200 0.967539251
1341846673.810154 -0.665267467 -0.008551275 0.478521645 0.075511470 0.041757952 -0.220437258 0.971576989
1341846673.842305 -0.679653406 0.001859883 0.467363507 0.074816026 0.038306024 -0.207110047 0.974700272
1341846673.874285 -0.685722411 0.009381551 0.471231371 0.072865576 0.035720173 -0.196407765 0.977158487
1341846673.910253 -0.688722193 0.010789625 0.468910933 0.069166392 0.033097435 -0.184452474 0.979845881
1341846673.942284 -0.697137594 0.012223199 0.475144535 0.067735031 0.031124676 -0.175125390 0.981720150
1341846673.978434 -0.692065954 0.009932403 0.483870715 0.067741498 0.029643428 -0.165814161 0.983380914
1341846674.016486 -0.701398909 0.013674737 0.486804813 0.070634767 0.031844046 -0.157601774 0.984458447
1341846674.052060 -0.715575457 0.013076037 0.487603724 0.071010761 0.033350896 -0.147719890 0.985912800
1341846674.084057 -0.729634583 0.015573067 0.485674649 0.072588541 0.035745341 -0.140398979 0.986783326
1341846674.152235 -0.728688359 0.023830939 0.473653913 0.067057028 0.036477521 -0.122273237 0.989556491
1341846674.210322 -0.744555116 0.033961058 0.469122291 0.063818716 0.041285578 -0.108522840 0.991183877
1341846674.246217 -0.759552479 0.026376503 0.463973999 0.059148367 0.042915359 -0.099332094 0.992367327
1341846674.278035 -0.757527173 0.021863263 0.472963721 0.060147263 0.040987384 -0.089857154 0.993291557
1341846674.310117 -0.772437751 0.034494404 0.469260573 0.062024813 0.042731579 -0.081269935 0.993842125
1341846674.346212 -0.782840431 0.029064251 0.466107786 0.058735665 0.044519424 -0.073092192 0.994598269
1341846674.378058 -0.784099579 0.023430765 0.480140716 0.060371086 0.045705494 -0.063339867 0.995115280
1341846674.410162 -0.807943046 0.026259974 0.468309581 0.061259728 0.049343642 -0.056605577 0.995293081
1341846674.446125 -0.817790985 0.022647150 0.460472107 0.058505151 0.051108696 -0.049746919 0.995736063
1341846674.478198 -0.832076609 0.012659557 0.458464086 0.057918541 0.053952571 -0.043512154 0.995912313
1341846674.514124 -0.858991027 0.012010911 0.450480819 0.057711098 0.058222849 -0.039010722 0.995870411
1341846674.546062 -0.846476138 0.010409581 0.461671561 0.057193160 0.055342924 -0.033910975 0.996251047
1341846674.578094 -0.849312723 0.010919367 0.459652543 0.058009807 0.056315549 -0.030083293 0.996272266
1341846674.614179 -0.859371603 0.012206916 0.449165314 0.056933504 0.059306249 -0.023411876 0.996339977
1341846674.682209 -0.827076256 0.007411059 0.471832663 0.060499780 0.052876975 -0.006539330 0.996745288
1341846674.714186 -0.832445323 0.012999974 0.460345805 0.063571110 0.054796167 -0.001218379 0.996471107
1341846674.752271 -0.815562665 0.011525569 0.465749949 0.064267375 0.051369909 0.009567895 0.996563733
1341846674.814222 -0.791275978 0.014142444 0.458443195 0.064968333 0.048815776 0.022932539 0.996428788
1341846674.846370 -0.777843177 0.014350619 0.457459986 0.066264607 0.047219977 0.031586181 0.996183515
1341846674.882158 -0.778636336 0.009941725 0.441021025 0.065578878 0.047433868 0.038097356 0.995990992
1341846674.914224 -0.751346111 0.017581651 0.444101244 0.065099321 0.042459697 0.045892403 0.995918274
1341846674.950305 -0.728118062 0.013720409 0.446146160 0.062521547 0.038390346 0.054224797 0.995829821
1341846674.982342 -0.734718561 0.008015874 0.428618431 0.058013361 0.038092177 0.057962187 0.995903492
1341846675.014137 -0.722930372 0.006524717 0.423515260 0.048955958 0.034143738 0.060822655 0.996362448
1341846675.050230 -0.702073574 0.006406110 0.427962661 0.040067982 0.029130738 0.066929370 0.996527195
1341846675.088201 -0.689528823 0.008286122 0.421137244 0.034539230 0.027458210 0.070339225 0.996546805
1341846675.150188 -0.648658216 0.007582572 0.422569066 0.006767764 0.022158142 0.077531315 0.996720731
1341846675.182290 -0.624036908 0.009574044 0.427471042 -0.005172110 0.020978944 0.075440161 0.996916234
1341846675.218759 -0.598784387 -0.011394043 0.436038047 -0.017923389 0.017551772 0.080812767 0.996413589
1341846675.251951 -0.567957938 -0.010497773 0.442640245 -0.024770780 0.012071034 0.082382470 0.996219754
1341846675.282406 -0.546235621 -0.001983975 0.442441761 -0.025989287 0.010433176 0.086194977 0.995884597
1341846675.318078 -0.519213676 0.009322463 0.439080596 -0.028778633 0.008371857 0.087939732 0.995674789
1341846675.350149 -0.483104765 0.025261357 0.454969227 -0.034529485 0.004746104 0.090186298 0.995314837
1341846675.382271 -0.438994020 0.040630128 0.476598859 -0.042789556 -0.000616276 0.090432867 0.994982779
1341846675.450238 -0.380840421 0.048192132 0.507183313 -0.048760567 -0.001076246 0.100258492 0.993765354
1341846675.486165 -0.353530139 0.050585646 0.511434853 -0.039156072 -0.003490067 0.109511063 0.993207991
1341846675.518083 -0.334722877 0.053899880 0.520870626 -0.028421223 -0.003846431 0.120704368 0.992274165
1341846675.550092 -0.311953455 0.058045540 0.521852553 -0.021027695 -0.007724678 0.126043200 0.991771817
1341846675.586070 -0.295791596 0.059008706 0.529077768 -0.017635006 -0.008573262 0.130142570 0.991301477
1341846675.618075 -0.280494124 0.057369158 0.524577260 -0.012987414 -0.008445348 0.134057641 0.990852416
1341846675.650024 -0.258630395 0.054822132 0.536847591 -0.008860772 -0.012054474 0.135706574 0.990636110
1341846675.686118 -0.235156909 0.055181652 0.547374427 -0.005405657 -0.016786087 0.136586919 0.990471125
1341846675.718055 -0.227763265 0.055031542 0.536899984 -0.000516174 -0.013963192 0.134960577 0.990752459
1341846675.754170 -0.201671362 0.055335525 0.544895947 0.005140509 -0.016772168 0.133308411 0.990919352
1341846675.786330 -0.182481110 0.048279908 0.551184416 0.007297279 -0.018460235 0.133688316 0.990824640
1341846675.818106 -0.168068990 0.049163450 0.549694002 0.010510609 -0.015906498 0.129313603 0.991420448
1341846675.854095 -0.139286846 0.052048087 0.550980210 0.014867479 -0.019029841 0.128825888 0.991373181
1341846675.886163 -0.122132629 0.053600747 0.548766136 0.021198472 -0.021785552 0.128232926 0.991278172
1341846675.922346 -0.096414708 0.053177048 0.551715314 0.030485069 -0.024402054 0.129267082 0.990840733
1341846675.961651 -0.065897673 0.046072263 0.554801881 0.036768772 -0.027976820 0.126064122 0.990945637
1341846676.028080 -0.018172646 0.044222903 0.555626392 0.058293547 -0.037376240 0.126429453 0.989555717
1341846676.122163 0.059912637 0.009138400 0.540978789 0.055485547 -0.051582482 0.116159715 0.990337074
1341846676.154447 0.094691180 0.002562055 0.545832694 0.051302381 -0.056860082 0.115928300 0.990300775
1341846676.190230 0.138290435 0.002342083 0.537963092 0.050966922 -0.065083049 0.115730055 0.989834905
1341846676.222476 0.184850842 0.009556440 0.526898146 0.046620224 -0.070242696 0.114236370 0.989870012
1341846676.257017 0.232563779 0.014567807 0.523575127 0.039863471 -0.075412154 0.113017388 0.989924729
1341846676.290401 0.271953344 0.013885356 0.521802902 0.036803730 -0.080778800 0.114269450 0.989476025
1341846676.322689 0.305396765 0.016463652 0.511840641 0.033876140 -0.082522534 0.111941643 0.989702761
1341846676.360815 0.346040487 0.017724458 0.492339313 0.021156110 -0.082988866 0.108464636 0.990404308
1341846676.390851 0.362709939 0.016085075 0.512611091 0.012821978 -0.083167419 0.107154243 0.990674913
1341846676.424250 0.402044863 0.019115375 0.527564108 0.014857073 -0.085403860 0.107757695 0.990390718
1341846676.459033 0.445431054 0.031346679 0.513901889 0.013600007 -0.086794659 0.109477267 0.990099192
1341846676.490669 0.486837417 0.041391503 0.524453461 0.009750627 -0.089748122 0.109827161 0.989842534
1341846676.532743 0.533773541 0.039040677 0.527755857 0.007561280 -0.091476262 0.109409586 0.989749730
1341846676.564052 0.561876297 0.052900203 0.541092396 0.007410200 -0.091627501 0.110714301 0.989591777
1341846676.596566 0.552194655 0.057998270 0.529830754 0.004187056 -0.088236451 0.107394390 0.990284443
1341846676.632057 0.583333910 0.059764892 0.542249262 0.002892820 -0.089292377 0.104892582 0.990462542
1341846676.690079 0.585114002 0.063220590 0.536480784 0.002956720 -0.084262669 0.100679517 0.991339862
1341846676.726102 0.602652192 0.065120675 0.536120832 0.003875299 -0.083308935 0.097659744 0.991719365
1341846676.758419 0.608712435 0.063828066 0.543958664 0.005801765 -0.079860546 0.096948557 0.992063344
1341846676.790227 0.610622048 0.067126125 0.538284361 0.007223400 -0.078625537 0.097456068 0.992102921
1341846676.826179 0.629344583 0.069102541 0.536232293 0.007847006 -0.076519296 0.094508991 0.992547870
1341846676.858331 0.620814681 0.070055373 0.541124642 0.009498951 -0.071657933 0.095758513 0.992776513
1341846676.894086 0.620649099 0.075913280 0.536776423 0.010458493 -0.072572872 0.097801030 0.992501259
1341846676.926062 0.625559211 0.073173299 0.533360898 0.009385089 -0.071825475 0.095541492 0.992786467
1341846676.958080 0.626359224 0.071848720 0.536741674 0.009505297 -0.070247017 0.095435098 0.992908418
1341846676.994140 0.625729978 0.071604192 0.534603655 0.010699942 -0.071530625 0.096874803 0.992665172
1341846677.026242 0.633537710 0.074726008 0.531112850 0.011342034 -0.073099300 0.096034311 0.992625475
1341846677.094244 0.631359458 0.075881764 0.531283021 0.009511247 -0.073363014 0.095172487 0.992708266
1341846677.126108 0.639205158 0.070951805 0.532602131 0.010303838 -0.075641803 0.095645390 0.992483795
1341846677.162066 0.644848049 0.072686367 0.538482010 0.012488743 -0.075665131 0.095104128 0.992509007
1341846677.194068 0.620259762 0.090803824 0.504341662 0.013905440 -0.071540304 0.097603485 0.992553413
1341846677.226206 0.610667050 0.090905324 0.504472077 0.014017053 -0.068688035 0.097212128 0.992791653
1341846677.262033 0.638305664 0.069935620 0.512773514 0.012834983 -0.069935329 0.098266482 0.992616713
1341846677.294125 0.659871042 0.078729883 0.536480427 0.015361080 -0.076480009 0.097427197 0.992180824
1341846677.326503 0.664397299 0.093914807 0.525326610 0.016333556 -0.076025814 0.094982006 0.992437303
1341846677.362194 0.646838188 0.083845377 0.510459781 0.014698903 -0.064965881 0.099481322 0.992807567
1341846677.394280 0.642197788 0.075822085 0.513495088 0.014663137 -0.064001806 0.100830153 0.992734671
1341846677.430058 0.642105877 0.066227883 0.506880522 0.013483367 -0.061463751 0.101058759 0.992888510
1341846677.468326 0.640984178 0.069199599 0.509094179 0.015082221 -0.058272053 0.100357562 0.993129075
1341846677.530161 0.699132323 0.074958779 0.545734763 0.020326469 -0.070367947 0.094752215 0.992802739
1341846677.562051 0.684966266 0.075203359 0.542501509 0.021977762 -0.064802147 0.093204252 0.993292868
1341846677.594105 0.695526123 0.079901583 0.540320873 0.022050230 -0.065466635 0.093740642 0.993197203
1341846677.630227 0.706147552 0.073826671 0.541401327 0.021647140 -0.066163644 0.092820995 0.993246257
1341846677.662033 0.702247977 0.077719890 0.538093448 0.023304578 -0.063888870 0.093570292 0.993287385
1341846677.730320 0.705821812 0.076868281 0.538578153 0.022238184 -0.064187355 0.093653649 0.993284702
1341846677.763691 0.703457117 0.073522344 0.540989757 0.023165740 -0.063216694 0.093436167 0.993346214
1341846677.798630 0.696897209 0.091695376 0.538796306 0.025959359 -0.064113259 0.092048921 0.993349195
1341846677.830104 0.709327757 0.070595250 0.550691009 0.022701552 -0.064525582 0.091294877 0.993471861
1341846677.862185 0.715637743 0.072144434 0.550675511 0.026253501 -0.063994870 0.088836364 0.993641555
1341846677.898344 0.703703105 0.073909655 0.546601355 0.030029323 -0.062307872 0.090133734 0.993524969
1341846677.930181 0.715605557 0.072381079 0.547042489 0.031520724 -0.063669600 0.088303126 0.993556917
1341846677.966256 0.719614863 0.065494522 0.546057522 0.033421498 -0.061930504 0.088214129 0.993612587
1341846677.998516 0.716986656 0.065511942 0.547798097 0.038604442 -0.062327463 0.089741826 0.993263066
1341846678.030368 0.717371166 0.068358943 0.544968665 0.041545346 -0.064063177 0.091197729 0.992901325
1341846678.066187 0.727801025 0.066248871 0.544954360 0.042935599 -0.063878544 0.090296596 0.992936373
1341846678.098076 0.722029805 0.063829243 0.541293681 0.044514287 -0.063312866 0.090782531 0.992858768
1341846678.134082 0.720891714 0.050402492 0.536814451 0.044308547 -0.065316975 0.091995843 0.992626429
1341846678.166092 0.720579088 0.052801192 0.537380099 0.045620050 -0.064944029 0.088433415 0.992915213
1341846678.204293 0.714102924 0.051952958 0.534374714 0.047520589 -0.063549541 0.089506947 0.992820144
1341846678.266209 0.719870865 0.048678294 0.532140374 0.050985813 -0.067103714 0.089766987 0.992390811
1341846678.298316 0.714870572 0.053187143 0.531684875 0.052214194 -0.067532979 0.090521075 0.992229342
1341846678.334135 0.727184474 0.048239965 0.529577613 0.051629104 -0.070663258 0.091404192 0.991960883
1341846678.366593 0.730722129 0.043648049 0.533857286 0.052440181 -0.070541963 0.091701686 0.991899550
1341846678.402292 0.725208282 0.045541637 0.533783376 0.054290112 -0.070190839 0.091231480 0.991868317
1341846678.439991 0.731069207 0.048146266 0.533734500 0.055450134 -0.070758633 0.091833904 0.991708159
