1341846647.802247 0.000000000 0.000000000 0.000000000 -0.000000000 -0.000000000 -0.000000000 1.000000000
1341846647.834093 -0.022243772 0.012470368 0.007369084 0.003455220 0.005031551 0.000448309 0.999981284
1341846647.866652 -0.007774374 0.024826301 0.001768824 0.007047900 0.004852026 0.001998134 0.999961436
1341846647.901972 -0.003270603 0.027798021 -0.000342530 0.007508130 0.006504586 0.002395133 0.999947786
1341846647.934224 -0.008694450 0.029636549 -0.001631061 0.006437459 0.007544002 0.002547360 0.999947608
1341846647.970225 -0.000174329 0.027826799 -0.000073392 0.005742859 0.004705493 0.003625357 0.999965966
1341846648.002341 0.000736240 0.035580147 -0.001609824 0.006260454 0.003990924 0.003408604 0.999966681
1341846648.034343 0.004882835 0.013687369 -0.001448838 -0.000656901 0.001447941 0.003072614 0.999994040
1341846648.070164 -0.002946577 0.005507492 0.001142964 -0.003205841 -0.000169334 0.003752413 0.999987841
1341846648.102152 0.010189481 0.004870211 0.001493699 -0.002543167 -0.005514983 0.004753806 0.999970317
1341846648.138185 0.021931849 0.008210293 -0.003980596 -0.002779252 -0.008724317 0.005556649 0.999942720
1341846648.170568 0.012059334 0.008353328 -0.011029602 -0.005618127 -0.008345527 0.004031027 0.999941349
1341846648.202106 0.016362438 0.005396960 -0.008446172 -0.007301710 -0.013652322 0.004030369 0.999872088
1341846648.238157 -0.006362709 0.023724038 0.006511143 -0.003388831 -0.014150542 0.001419936 0.999893188
1341846648.270152 -0.004372266 0.030947765 -0.003805064 -0.004146481 -0.019251822 -0.000432447 0.999805987
1341846648.302183 -0.012435470 0.030695753 -0.001260295 -0.009994290 -0.022790292 -0.006807835 0.999667168
1341846648.338170 -0.011391569 0.028707763 -0.000667201 -0.013195961 -0.027647465 -0.009712243 0.999483526
1341846648.370216 0.007786779 0.014137648 -0.015041171 -0.017970040 -0.037993439 -0.005317757 0.999102235
1341846648.406052 0.007104292 0.009652906 -0.013987675 -0.020326177 -0.048156589 -0.005080140 0.998620093
1341846648.438342 0.007516650 0.001765360 -0.017219758 -0.021519981 -0.053576641 -0.002672749 0.998328269
1341846648.470076 0.020405591 0.006510161 -0.017252717 -0.021766536 -0.060696580 -0.001123971 0.997918248
1341846648.506263 0.049852494 0.009188168 -0.013827811 -0.024905585 -0.072095618 -0.000617300 0.997086585
1341846648.538249 0.034452613 0.018385597 -0.003789744 -0.026427403 -0.075698741 -0.002625208 0.996777058
1341846648.570179 0.038276143 0.019048028 -0.003600237 -0.029513922 -0.079013310 -0.003940826 0.996428847
1341846648.606081 0.026078837 0.018258905 -0.017261043 -0.031667940 -0.080759205 -0.005285600 0.996216416
1341846648.638395 0.044207074 0.014475610 0.003937282 -0.032563154 -0.094213761 -0.005764877 0.995002687
1341846648.674053 0.049713288 0.008884227 0.002364536 -0.032191113 -0.098546080 -0.006735425 0.994588912
1341846648.706058 0.052161731 0.009405724 -0.012738667 -0.031909954 -0.105702765 -0.007403185 0.993858099
1341846648.738116 0.057504069 0.009672019 -0.000319122 -0.032212049 -0.116672374 -0.007346184 0.992620826
1341846648.774049 0.072302602 0.013699775 0.018323243 -0.029612048 -0.121023223 -0.006140538 0.992188931
1341846648.805941 0.077675879 0.012612340 0.014803600 -0.028243175 -0.124598697 -0.003083071 0.991800427
1341846648.838602 0.084497459 0.018297553 0.017980078 -0.028382406 -0.133821473 -0.001139888 0.990598381
1341846648.874088 0.093821160 0.018384762 0.018508330 -0.030134507 -0.138344720 -0.002718911 0.989921868
1341846648.906165 0.096142657 0.011949174 0.024164716 -0.033674203 -0.143774480 -0.000846409 0.989037037
1341846648.942154 0.124547936 -0.003662854 0.029649416 -0.036292132 -0.165116444 0.004060619 0.985597789
1341846648.974090 0.129711196 0.014312215 0.002927225 -0.035424251 -0.173924863 0.002383025 0.984118700
1341846649.006157 0.150755033 0.014510355 0.031435974 -0.039285984 -0.181984454 0.001788364 0.982514679
1341846649.042101 0.127584368 0.007351344 0.027257079 -0.039577592 -0.185980439 0.000622916 0.981755853
1341846649.074128 0.140251890 0.020207625 0.011109019 -0.038513623 -0.193992481 -0.007126715 0.980220795
1341846649.106188 0.155089185 0.023048133 0.026222443 -0.041098583 -0.196841016 -0.013955632 0.979474306
1341846649.142042 0.149245635 0.012453359 0.032723486 -0.045598086 -0.199016333 -0.019527847 0.978739977
1341846649.174442 0.155244142 0.012864651 0.040472224 -0.047657102 -0.205787063 -0.023690941 0.977148533
1341846649.216152 0.170089856 0.016050138 0.042342298 -0.047503460 -0.208170503 -0.027174503 0.976560295
1341846649.248048 0.176956832 0.011420393 0.040822539 -0.050316215 -0.208425149 -0.024597440 0.976433456
1341846649.280075 0.179049402 0.021422997 0.044401318 -0.053773362 -0.211325899 -0.024728209 0.975621998
1341846649.316071 0.178699896 0.022801064 0.063333862 -0.058315836 -0.213012412 -0.025762491 0.974967360
1341846649.348041 0.186031491 -0.002679760 0.074856669 -0.064457253 -0.216748267 -0.021613736 0.973857462
1341846649.383973 0.189239383 -0.000893457 0.075880013 -0.062605023 -0.221153200 -0.018273996 0.973056018
1341846649.416053 0.194632873 0.020962875 0.059434384 -0.059253853 -0.220224336 -0.025238983 0.973320782
1341846649.448084 0.197255030 0.012689397 0.066251859 -0.065327428 -0.217950433 -0.025781605 0.973429680
1341846649.484154 0.200417012 0.000135514 0.078189522 -0.070039377 -0.220934436 -0.023467248 0.972487450
1341846649.516198 0.205262765 0.000958031 0.084835626 -0.069065459 -0.223240957 -0.026278196 0.971958280
1341846649.552101 0.215149224 0.000595847 0.090345360 -0.067443945 -0.222515047 -0.030402482 0.972118378
1341846649.616167 0.214127928 -0.002441211 0.084936269 -0.067292854 -0.224688143 -0.023764983 0.971813858
1341846649.678101 0.231797189 -0.003883794 0.095198639 -0.065906711 -0.229408681 -0.025524829 0.970760763
1341846649.710937 0.244121224 -0.023899205 0.085923821 -0.068408132 -0.236100078 -0.022559609 0.969055295
1341846649.746112 0.251797378 -0.023995899 0.095549099 -0.066229641 -0.243578628 -0.026826000 0.967245340
1341846649.778019 0.257150412 -0.027150992 0.088907495 -0.064968027 -0.247841015 -0.027710976 0.966222644
1341846649.810257 0.254351079 -0.019744333 0.079794422 -0.062060930 -0.254679143 -0.027993863 0.964626014
1341846649.846059 0.261218280 -0.002680903 0.063509859 -0.061002027 -0.262786090 -0.031483915 0.962408960
1341846649.878137 0.283734739 -0.013546164 0.094815664 -0.068041407 -0.272313714 -0.031266112 0.959290445
1341846649.914184 0.285013139 -0.015395923 0.123497888 -0.067480251 -0.279647499 -0.027225390 0.957341433
1341846649.952612 0.302003175 -0.014286600 0.121862732 -0.066203974 -0.283557504 -0.022306545 0.956407189
1341846650.014156 0.312136710 -0.021927044 0.132249460 -0.067358613 -0.287671655 -0.013282527 0.955265105
1341846650.046184 0.322537571 -0.012069443 0.136451527 -0.064667501 -0.291179240 -0.012625177 0.954396844
1341846650.078250 0.330250770 -0.009187264 0.152898505 -0.062569842 -0.291699350 -0.012934507 0.954373777
1341846650.114215 0.334521025 -0.019600034 0.145500332 -0.062690519 -0.290965706 -0.010489091 0.954619765
1341846650.146137 0.342201144 -0.020788100 0.167720839 -0.061643012 -0.295700818 -0.007381528 0.953261137
1341846650.182236 0.350865722 -0.020735422 0.168400958 -0.057016913 -0.295637280 -0.009797069 0.953547001
1341846650.214164 0.357338786 -0.020362727 0.161540613 -0.055398002 -0.294206977 -0.009220162 0.954090297
1341846650.246084 0.361443579 -0.023623090 0.167557627 -0.057646897 -0.295839518 -0.009382183 0.953450501
1341846650.282167 0.362803102 -0.017882051 0.186747402 -0.052851904 -0.294983983 -0.014549101 0.953928411
1341846650.314158 0.367105812 -0.016625822 0.166065872 -0.049115319 -0.290135056 -0.017985906 0.955555260
1341846650.350453 0.369388551 -0.021062236 0.156403005 -0.051290553 -0.289490074 -0.019511560 0.955606699
1341846650.382075 0.370908290 -0.022236116 0.174763039 -0.052840013 -0.290576339 -0.022538522 0.955125809
1341846650.414224 0.374459982 -0.032526262 0.192857355 -0.052426953 -0.287906080 -0.022673627 0.955953658
1341846650.450353 0.373676360 -0.030748505 0.174063385 -0.050867643 -0.281612962 -0.021138284 0.957945585
1341846650.484849 0.375512660 -0.029515227 0.169517815 -0.051827971 -0.278555214 -0.023778414 0.958725989
1341846650.514091 0.368758202 -0.035041001 0.181451589 -0.053314582 -0.272877365 -0.024712414 0.960252464
1341846650.550746 0.363103747 -0.035126124 0.186688244 -0.048564821 -0.266072422 -0.022587335 0.962463915
1341846650.582069 0.360643953 -0.033113845 0.170879155 -0.043437947 -0.259167641 -0.023813851 0.964561105
1341846650.618092 0.352263033 -0.031575013 0.160422266 -0.043001749 -0.252171457 -0.027082724 0.966347277
1341846650.650422 0.344700515 -0.033395156 0.162699535 -0.042327572 -0.244821072 -0.030396514 0.968166888
1341846650.682114 0.332573444 -0.034446377 0.160703778 -0.041018806 -0.237304062 -0.032234702 0.970033586
1341846650.718110 0.323063910 -0.035607882 0.155777887 -0.040514655 -0.231342435 -0.035217509 0.971390247
1341846650.750112 0.311052948 -0.032898985 0.155784801 -0.038663886 -0.223394662 -0.038580172 0.973196566
1341846650.782116 0.297668278 -0.041825894 0.158542767 -0.039453961 -0.213003412 -0.035121314 0.975622594
1341846650.818115 0.285385102 -0.044207521 0.151519939 -0.037226453 -0.208505839 -0.032648761 0.976766884
1341846650.850139 0.277829349 -0.036788087 0.137137085 -0.034369081 -0.203676119 -0.035651933 0.977785110
1341846650.886238 0.271815419 -0.033662535 0.132326484 -0.035036054 -0.191945285 -0.036385376 0.980104864
1341846650.918288 0.251123071 -0.039266817 0.140767649 -0.036923949 -0.180445135 -0.034360010 0.982290983
1341846650.950233 0.238897115 -0.035042588 0.128896058 -0.035932045 -0.172828630 -0.031890083 0.983779609
1341846650.986247 0.229489356 -0.035143536 0.125130922 -0.036324933 -0.161993235 -0.031063737 0.985633671
1341846651.050482 0.201965317 -0.037599940 0.107923694 -0.035252281 -0.142477944 -0.023676055 0.988886654
1341846651.086169 0.189935789 -0.032296073 0.106354438 -0.038482435 -0.134722471 -0.021216642 0.989908457
1341846651.118423 0.177520826 -0.040282801 0.126602203 -0.039117999 -0.126089185 -0.018159643 0.991080999
1341846651.154189 0.163648024 -0.041195549 0.123473555 -0.035483811 -0.118404306 -0.013658018 0.992237329
1341846651.186391 0.143542245 -0.029492583 0.087523386 -0.033431541 -0.108903185 -0.015284724 0.993372440
1341846651.218036 0.133353993 -0.029483264 0.084234744 -0.035237003 -0.103436932 -0.015893731 0.993884623
1341846651.254031 0.122645386 -0.032688975 0.080795266 -0.036518302 -0.098296255 -0.013899046 0.994389832
1341846651.286406 0.115759589 -0.036929738 0.082782008 -0.039716575 -0.092869893 -0.013140853 0.994799018
1341846651.318309 0.099585325 -0.042669564 0.084049881 -0.041797996 -0.087164767 -0.015360633 0.995198131
1341846651.354135 0.085442521 -0.029869663 0.082771651 -0.037859015 -0.080776431 -0.020683145 0.995798230
1341846651.386180 0.058798831 -0.032236565 0.077462755 -0.036924880 -0.070689827 -0.021649664 0.996579587
1341846651.422237 0.043939181 -0.029414663 0.075202078 -0.036759723 -0.067219190 -0.022426507 0.996808648
1341846651.492135 0.027674709 -0.030642686 0.063770451 -0.040251456 -0.059046451 -0.027309390 0.997069478
1341846651.560316 -0.002498075 -0.043857586 0.060638864 -0.039227512 -0.040009953 -0.027698196 0.998044729
1341846651.622176 -0.020809473 -0.044870675 0.053769652 -0.030440398 -0.029535118 -0.029466806 0.998665512
1341846651.654223 -0.033104602 -0.045990758 0.050207146 -0.027453627 -0.025569489 -0.028363209 0.998893380
1341846651.690127 -0.059598282 -0.043653354 0.036605440 -0.022303579 -0.019750675 -0.028612323 0.999146521
1341846651.722318 -0.067683995 -0.037440300 0.031138081 -0.017724879 -0.015787471 -0.026419600 0.999369144
1341846651.754212 -0.077596389 -0.035518315 0.014927682 -0.015927320 -0.011952544 -0.024259282 0.999507368
1341846651.790200 -0.089889973 -0.031736173 -0.001979424 -0.017224433 -0.005966214 -0.025048632 0.999520063
1341846651.822233 -0.111378074 -0.033084679 0.003819851 -0.016743621 0.001726697 -0.023358250 0.999585450
1341846651.858213 -0.119100094 -0.047302306 -0.008232426 -0.010181966 0.006111870 -0.019878706 0.999731898
1341846651.890237 -0.125324011 -0.035486534 -0.010682144 -0.001230952 0.011455946 -0.018301656 0.999766171
1341846651.922186 -0.156104892 -0.028754001 -0.021056134 0.001530266 0.019115290 -0.015947800 0.999688983
1341846651.958047 -0.163153559 -0.036108315 -0.021099901 0.002680226 0.021502906 -0.013466693 0.999674559
1341846651.990020 -0.166057974 -0.041091468 -0.022591695 0.008854425 0.025942931 -0.008214479 0.999590516
1341846652.022081 -0.192740917 -0.035883877 -0.038564175 0.014981543 0.033336408 -0.002994907 0.999327421
1341846652.058058 -0.214621589 -0.027320726 -0.034967203 0.015873907 0.036231797 -0.003424711 0.999211550
1341846652.090106 -0.212754518 -0.019677460 -0.049278647 0.015150364 0.037171759 -0.003485253 0.999187946
1341846652.126257 -0.223125577 -0.019831309 -0.054438088 0.012769267 0.041811161 -0.004006757 0.999035895
1341846652.158232 -0.235545322 -0.019273838 -0.047795631 0.011070789 0.044225641 -0.002256502 0.998957694
1341846652.190049 -0.260915041 -0.028758120 -0.045431904 0.009739691 0.048629835 -0.007403096 0.998741925
1341846652.225981 -0.288878858 -0.029914660 -0.023683559 0.010062777 0.060638636 -0.009057874 0.998067975
1341846652.258089 -0.303713053 -0.044995446 -0.038285248 0.010250024 0.067830242 -0.001641635 0.997642934
1341846652.290189 -0.322183520 -0.049613129 -0.047699664 0.013056295 0.069479793 -0.000389904 0.997497857
1341846652.326148 -0.322676122 -0.046731163 -0.054132082 0.020381594 0.070728458 0.001135842 0.997286737
1341846652.358184 -0.328717321 -0.036232363 -0.042305455 0.024660831 0.073905952 0.003401487 0.996954501
1341846652.394279 -0.342204511 -0.036227908 -0.038186636 0.025296332 0.076323405 0.003335650 0.996756613
1341846652.426287 -0.375124931 -0.035098240 -0.032011256 0.026987761 0.082366005 -0.001945266 0.996234834
1341846652.458277 -0.389331877 -0.037500173 -0.031516738 0.029333655 0.086821787 -0.001124374 0.995791316
1341846652.494100 -0.397218168 -0.038067650 -0.033232365 0.031759553 0.089277260 -0.000839484 0.995499969
1341846652.526469 -0.407021880 -0.034497760 -0.035107289 0.031721674 0.093821913 -0.001565799 0.995082319
1341846652.562089 -0.415467441 -0.039434567 -0.030770600 0.031846736 0.102130085 -0.001929042 0.994259298
1341846652.594254 -0.458617449 -0.011071539 -0.032015152 0.039761789 0.120300464 -0.004306004 0.991931677
1341846652.626356 -0.461301625 -0.009537010 -0.021497430 0.041878343 0.131938785 -0.004591326 0.990362287
1341846652.662152 -0.425125688 -0.022043770 -0.062268458 0.038994383 0.144992158 -0.006495069 0.988642752
1341846652.694113 -0.378386617 -0.008512527 -0.044500336 0.040368754 0.166409865 -0.008549863 0.985192895
1341846652.726378 -0.396974057 -0.029473672 -0.068681948 0.039230615 0.195705250 -0.009370190 0.979832947
1341846652.762129 -0.408301353 -0.014629722 -0.069258176 0.040812578 0.221811160 -0.012414488 0.974156082
1341846652.794152 -0.426652402 -0.015661735 -0.011953451 0.036763709 0.260473996 -0.018375577 0.964605629
1341846652.830250 -0.454367727 -0.015886361 -0.025876619 0.037895937 0.288782448 -0.014218743 0.956538796
1341846652.862014 -0.473369032 -0.013963114 -0.018132377 0.035983820 0.309076995 -0.013537304 0.950259626
1341846652.894426 -0.463414609 -0.025310090 -0.006845109 0.034381796 0.325635552 -0.010472758 0.944812000
1341846652.930346 -0.476947308 -0.028446160 0.010439664 0.036346685 0.346042395 -0.006021505 0.937495291
1341846652.962213 -0.489238501 -0.008552160 0.033131599 0.037183516 0.364288956 -0.008053962 0.930508554
1341846653.030292 -0.489005983 -0.026173424 0.036606558 0.029835759 0.393312007 -0.004783742 0.918908358
1341846653.062672 -0.521836758 -0.033077665 0.055738002 0.032078248 0.410918236 -0.001751579 0.911106050
1341846653.099024 -0.488646239 -0.012837257 0.045140967 0.033162054 0.422761858 -0.003646005 0.905626535
1341846653.130475 -0.496532440 -0.013857840 0.066573255 0.029628897 0.441881567 -0.002766871 0.896579742
1341846653.162620 -0.519646227 -0.030363500 0.069233887 0.027446823 0.458533436 -0.001402549 0.888252079
1341846653.198437 -0.537208557 -0.029034600 0.099984534 0.028280050 0.473500937 0.000451958 0.880339146
1341846653.230042 -0.532793522 -0.034450971 0.102817386 0.029018847 0.485059500 0.003795867 0.873991311
1341846653.298380 -0.557839990 -0.013529039 0.132083938 0.030931728 0.513982058 0.006952574 0.857214868
1341846653.330162 -0.528639197 -0.017266493 0.096728683 0.029807705 0.520439565 0.010171877 0.853317559
1341846653.366319 -0.563799441 -0.019372685 0.118087947 0.028897766 0.533863068 0.013732063 0.844965398
1341846653.398226 -0.565224051 -0.013745662 0.146349743 0.030012051 0.544894218 0.016819322 0.837798774
1341846653.430060 -0.603330135 -0.011792000 0.201451153 0.031673890 0.558906436 0.018139141 0.828427017
1341846653.466341 -0.610314786 -0.017742595 0.209836841 0.033114899 0.565468311 0.016487038 0.823940039
1341846653.498194 -0.621076882 -0.026654473 0.212138727 0.031922381 0.570617080 0.016139576 0.820436895
1341846653.530205 -0.633696914 -0.040699534 0.249460876 0.029233128 0.577373087 0.012612386 0.815859497
1341846653.566601 -0.633067966 -0.029835893 0.232854500 0.031170901 0.577025354 0.009798755 0.816072345
1341846653.598213 -0.631402493 -0.035106283 0.226711512 0.030661471 0.577369869 0.010611849 0.815837860
1341846653.634793 -0.632313192 -0.042535834 0.224915326 0.028646015 0.576026380 0.010981603 0.816855192
1341846653.666143 -0.626461565 -0.042792208 0.227424979 0.029038271 0.574867427 0.010772526 0.817660213
1341846653.698738 -0.627103269 -0.014211341 0.207198381 0.032249287 0.568944633 0.015983665 0.821587861
1341846653.734313 -0.624645352 -0.015292662 0.207449257 0.030201033 0.564087749 0.017524628 0.824976265
1341846653.766275 -0.630909503 -0.010713657 0.212171808 0.028950166 0.561608911 0.018480029 0.826689720
1341846653.802358 -0.636482120 -0.003014881 0.217166409 0.029420989 0.557290614 0.019803517 0.829559803
1341846653.834226 -0.641176105 -0.007148040 0.209362894 0.028801028 0.548062980 0.022792779 0.835630357
1341846653.866214 -0.644511998 -0.008645529 0.175784111 0.027719326 0.539163291 0.022939315 0.841432393
1341846653.902170 -0.645938039 -0.009612552 0.176060468 0.025705110 0.532230377 0.024365973 0.845858455
1341846653.934160 -0.640687168 -0.009430006 0.176476270 0.023825644 0.523715675 0.023665302 0.851231039
1341846653.966155 -0.638932943 -0.010983491 0.178116783 0.021881819 0.516875803 0.022551237 0.855483532
1341846654.002169 -0.651453018 -0.010849832 0.176421195 0.018300695 0.509156704 0.022270670 0.860191107
1341846654.034140 -0.647506893 -0.012647245 0.146701738 0.013584701 0.498044640 0.021643674 0.866774857
1341846654.070172 -0.656668901 -0.027693463 0.161292940 0.013678317 0.490005940 0.024486193 0.871267855
1341846654.102438 -0.630351245 -0.041148163 0.149115384 0.016244605 0.477055281 0.024113782 0.878392279
1341846654.134349 -0.629541397 -0.041981220 0.148587689 0.021003537 0.466444194 0.024845801 0.883952141
1341846654.170244 -0.621173322 -0.031069834 0.163457572 0.024264300 0.454424948 0.021988492 0.890182972
1341846654.202087 -0.611224413 -0.036953643 0.140414804 0.025200572 0.436551481 0.018924905 0.899127185
1341846654.234434 -0.617654860 -0.037416581 0.131676242 0.026915221 0.427623630 0.016934101 0.903397381
1341846654.270041 -0.608919144 -0.030051949 0.113173001 0.028546335 0.414344221 0.016862303 0.909516156
1341846654.302117 -0.606489778 -0.027155396 0.111401357 0.028458189 0.398277968 0.014496868 0.916708648
1341846654.338026 -0.575409591 -0.021559268 0.123251364 0.027578996 0.388605714 0.012143715 0.920911252
1341846654.369979 -0.595837474 -0.022807583 0.129037112 0.027989410 0.380116642 0.013814152 0.924411774
1341846654.402172 -0.630028725 -0.024407931 0.157220200 0.030119995 0.366864949 0.015005470 0.929665387
1341846654.438133 -0.555858016 -0.005754950 0.110607557 0.029974181 0.339821696 0.012925329 0.939923227
1341846654.470186 -0.567082345 -0.019436471 0.115707725 0.025995117 0.331817865 0.012992790 0.942895770
1341846654.502267 -0.615236163 -0.012650806 0.171446353 0.027037056 0.323401511 0.011109094 0.945810258
1341846654.539064 -0.531150103 -0.013366392 0.112818971 0.026948189 0.292362034 0.010230702 0.955873191
1341846654.570053 -0.512772858 -0.012309009 0.121544674 0.023018545 0.286879122 0.005143559 0.957676411
1341846654.606030 -0.546214581 -0.033210672 0.117239520 0.020534839 0.274876297 0.004615225 0.961249232
1341846654.637980 -0.497363865 -0.023447588 0.086272299 0.025121517 0.248922363 0.005467788 0.968182147
1341846654.670155 -0.488117635 -0.019177381 0.087992147 0.028328035 0.242661953 0.004627070 0.969686270
1341846654.706022 -0.474344254 -0.016655939 0.083190553 0.032448623 0.226856574 0.007224372 0.973360658
1341846654.738497 -0.475773215 -0.025685377 0.069060050 0.035176873 0.207663924 0.008095092 0.977534056
1341846654.774056 -0.452712417 -0.011601647 0.051091321 0.038068775 0.196961954 0.008917231 0.979631186
1341846654.806040 -0.444299638 0.000437872 0.051028330 0.038009100 0.185725242 0.010719978 0.981807768
1341846654.838060 -0.448061794 -0.009239808 0.045356449 0.037272725 0.169883713 0.011490424 0.984691978
1341846654.874136 -0.428523540 -0.002941600 0.029408939 0.035975412 0.155575156 0.009482644 0.987123251
1341846654.906209 -0.412803888 -0.002569954 0.023776116 0.032563180 0.142949268 0.008992833 0.989153385
1341846654.938214 -0.395551294 -0.010969622 0.019937104 0.034352943 0.124053024 0.012680048 0.991599679
1341846654.974334 -0.396836221 -0.011633119 0.020914111 0.038603023 0.107668139 0.013973796 0.993338943
1341846655.006124 -0.373001099 0.007521305 -0.012634146 0.041038144 0.091474615 0.016188608 0.994829774
1341846655.042239 -0.381856501 0.003227133 0.008151259 0.038342550 0.075272873 0.015172253 0.996310055
1341846655.074179 -0.390175939 0.001593909 0.011813762 0.041082125 0.056624040 0.016242707 0.997417748
1341846655.106132 -0.377531201 0.005645218 0.004740252 0.041939422 0.042053405 0.014477862 0.998129785
1341846655.142070 -0.358642697 -0.000333341 -0.017220933 0.039369464 0.017593535 0.010392373 0.999015808
1341846655.174000 -0.364620417 0.001180013 -0.022182886 0.037467666 -0.002435275 0.008445975 0.999259233
1341846655.206124 -0.296714813 -0.007017937 -0.038882792 0.034543268 -0.023733826 0.009984327 0.999071538
1341846655.242079 -0.284002095 -0.010835805 -0.030716479 0.035353485 -0.037859164 0.010732830 0.998599887
1341846655.274211 -0.249890268 -0.022016995 -0.059327450 0.037246466 -0.050617397 0.010959038 0.997963250
1341846655.310175 -0.238331169 -0.019698985 -0.048268091 0.043810308 -0.052874245 0.015600174 0.997517765
1341846655.342236 -0.220971897 -0.005118201 -0.061065953 0.053317953 -0.061513562 0.017903294 0.996520340
1341846655.374134 -0.218854770 -0.020409532 -0.055201273 0.052001961 -0.062201187 0.019731009 0.996512711
1341846655.410207 -0.206807584 -0.030920794 -0.076697610 0.053116538 -0.064777739 0.023383101 0.996210754
1341846655.442262 -0.220334113 -0.017039977 -0.038115915 0.060720567 -0.070581533 0.026766127 0.995296359
1341846655.474205 -0.220070675 0.000981281 -0.070504241 0.063273370 -0.081687443 0.023245335 0.994375825
1341846655.510277 -0.210935161 0.006872354 -0.078204565 0.060144052 -0.093103208 0.022698417 0.993579030
1341846655.542135 -0.190004453 0.006229501 -0.076973103 0.055812143 -0.104161471 0.025170898 0.992674112
1341846655.578132 -0.188353866 0.001951324 -0.077233016 0.052896213 -0.111437060 0.024322124 0.992064655
1341846655.642348 -0.182104319 0.003723217 -0.093211576 0.046922833 -0.131766662 0.021509849 0.989935994
1341846655.678110 -0.182513580 -0.013766926 -0.085237429 0.044147264 -0.140993387 0.022813238 0.988762617
1341846655.710074 -0.150174111 -0.002494098 -0.088237189 0.047737647 -0.157056138 0.028732691 0.986016750
1341846655.748050 -0.170260116 0.004340989 -0.100356773 0.044993892 -0.163808390 0.024700118 0.985156000
1341846655.810222 -0.114807300 0.008798044 -0.084405661 0.042959046 -0.192308336 0.032737833 0.979847074
1341846655.846257 -0.139055252 0.012036500 -0.088871017 0.040654469 -0.196563914 0.027405644 0.979264379
1341846655.910355 -0.094636977 -0.002560269 -0.062527783 0.031749506 -0.221167475 0.028467217 0.974303126
1341846655.946240 -0.053185955 -0.008726849 -0.054578725 0.028684232 -0.238580137 0.029636772 0.970246613
1341846655.978412 -0.095632583 0.003866836 -0.094483286 0.028105915 -0.236258999 0.026484579 0.970922470
1341846656.014188 -0.088096455 0.002148400 -0.090213954 0.024940461 -0.239994273 0.027452124 0.970065534
1341846656.046211 -0.089742705 0.002836220 -0.093867041 0.023570912 -0.242752522 0.027470283 0.969412804
1341846656.078165 -0.086236566 -0.001751367 -0.098094076 0.022587685 -0.247364566 0.028712751 0.968233526
1341846656.114220 -0.081498645 0.007569381 -0.107138649 0.022078279 -0.252023697 0.029718997 0.967012644
1341846656.146158 -0.080837771 0.010954966 -0.100077085 0.020424332 -0.258258849 0.027507018 0.965468049
1341846656.178154 -0.077336095 0.013130572 -0.105501994 0.021138996 -0.264591306 0.027329292 0.963741541
1341846656.214132 -0.073052444 0.018185470 -0.097531766 0.021582793 -0.270851552 0.025683643 0.962036371
1341846656.246093 -0.068647310 0.008678181 -0.087961309 0.020222342 -0.274396867 0.028005961 0.960995853
1341846656.282181 -0.077684887 0.010376710 -0.095413715 0.019617185 -0.274893880 0.028903218 0.960839808
1341846656.314258 -0.071083963 0.010062826 -0.107439794 0.018408682 -0.279957205 0.026346684 0.959474325
1341846656.346094 -0.070387796 0.021027932 -0.114077307 0.018211696 -0.283542514 0.024108920 0.958483636
1341846656.382222 -0.067993082 0.006189479 -0.117173187 0.013156620 -0.287719458 0.024533553 0.957310081
1341846656.414253 -0.093512267 -0.003726189 -0.117854223 0.013469331 -0.293910176 0.026010618 0.955384195
1341846656.446177 -0.053589568 0.030889528 -0.107813001 0.015265415 -0.307255834 0.023867223 0.951205134
1341846656.482260 -0.053236417 0.029999457 -0.099279538 0.010363452 -0.313572675 0.022777105 0.949234486
1341846656.519461 -0.052452020 0.020678494 -0.089293465 0.009176550 -0.321290046 0.024081606 0.946630180
1341846656.582247 -0.047171120 0.022985525 -0.109727398 0.004084626 -0.325717330 0.023976889 0.945154309
1341846656.614195 -0.055505127 0.019209869 -0.113213852 0.001975570 -0.326321870 0.025174348 0.944921434
1341846656.649995 -0.041212309 0.024646230 -0.111187287 0.003007739 -0.329915553 0.023827868 0.943704903
1341846656.682076 -0.050746143 0.012092338 -0.115531608 0.000761643 -0.332440466 0.025301423 0.942784488
1341846656.714216 -0.047876425 0.018304076 -0.130358472 0.000394772 -0.335929155 0.023950431 0.941582620
1341846656.749974 -0.043081783 0.014613573 -0.137843832 -0.002845397 -0.337709069 0.023596175 0.940950453
1341846656.782653 -0.043604940 0.011343007 -0.135621026 -0.003457797 -0.339682907 0.024567848 0.940212786
1341846656.824388 -0.042047001 0.015363002 -0.134093106 -0.003101064 -0.342867523 0.025190149 0.939040899
1341846656.856226 -0.037560359 0.039115407 -0.106806278 -0.003169100 -0.345733970 0.023177857 0.938040972
1341846656.892050 -0.044981867 0.032686003 -0.104198903 -0.005662280 -0.342507631 0.023357768 0.939207613
1341846656.924099 -0.041004576 0.032690838 -0.090192609 -0.006020393 -0.343059152 0.024866581 0.938965380
1341846656.956112 -0.040264346 0.032073021 -0.092848450 -0.007371073 -0.336985528 0.022693690 0.941207528
1341846656.992122 -0.042664371 0.036505375 -0.077260673 -0.008304138 -0.331234187 0.024293846 0.943199217
1341846657.024108 -0.042419601 0.033502650 -0.087535381 -0.009051158 -0.327747196 0.026554381 0.944348872
1341846657.056121 -0.034199633 0.032220915 -0.090846837 -0.010305253 -0.323076397 0.026786491 0.945937693
1341846657.092006 -0.031286959 0.011186573 -0.097389981 -0.009315333 -0.311437100 0.029409299 0.949765921
1341846657.124027 -0.028181227 0.010703202 -0.095334046 -0.002773206 -0.301763266 0.033051081 0.952805817
1341846657.155973 -0.035711277 -0.002719136 -0.091166101 0.000484674 -0.290250272 0.033073731 0.956378937
1341846657.192094 -0.008212771 -0.001924803 -0.093892381 0.002022514 -0.279275447 0.032709971 0.959651649
1341846657.224195 0.002975668 0.005348401 -0.100202963 0.005480169 -0.267619044 0.032490026 0.962961316
1341846657.292164 -0.018383522 0.002837194 -0.099239208 0.007326078 -0.244858623 0.026616113 0.969165683
1341846657.354367 -0.028704064 -0.000114262 -0.102412418 0.005837809 -0.225517526 0.023413939 0.973940253
1341846657.386193 0.004412381 0.003149950 -0.090317026 0.006586966 -0.221015930 0.021391241 0.975013316
1341846657.418105 0.025696103 0.003522360 -0.085803717 0.008648244 -0.212607801 0.023634702 0.976813436
1341846657.454277 0.046652734 0.007451844 -0.064776935 0.009756200 -0.207117528 0.024051841 0.977971733
1341846657.486117 0.068888426 0.009292070 -0.058073916 0.011673938 -0.196600154 0.024024313 0.980119884
1341846657.522092 0.095874362 0.012708115 -0.046085335 0.015720082 -0.189314827 0.021724295 0.981550276
1341846657.554062 0.102838427 0.019077409 -0.030578483 0.019543057 -0.182820886 0.019713657 0.982754290
1341846657.586078 0.125309810 0.014175193 -0.034706950 0.017531581 -0.171174929 0.018172290 0.984917045
1341846657.622205 0.147969037 0.013739972 -0.018669533 0.019069590 -0.164799497 0.015575578 0.986019731
1341846657.654161 0.160578430 0.024622185 -0.011289977 0.021809489 -0.160082892 0.017598500 0.986705720
1341846657.686517 0.193803892 0.018003438 -0.016675940 0.021102872 -0.151367754 0.011955111 0.988179922
1341846657.722061 0.236961201 0.012994834 0.000558357 0.022074042 -0.148273095 0.012744361 0.988617897
1341846657.754104 0.267672271 0.025061211 0.014487832 0.024073210 -0.144980133 0.019217510 0.988954961
1341846657.790066 0.213501990 0.014597078 -0.030652631 0.018799864 -0.119323574 0.013203672 0.992589593
1341846657.822089 0.141903788 -0.015559498 -0.008113910 0.014539371 -0.091936588 0.005186130 0.995645225
1341846657.853972 0.203945324 -0.016546994 0.008815588 0.017404879 -0.093362622 0.010085701 0.995428979
1341846657.889993 0.145799771 0.030534919 0.008683756 0.024210209 -0.066502720 0.005451452 0.997477591
1341846657.922046 0.057504937 0.008375604 0.017817631 0.022011304 -0.038608883 0.002574848 0.999008715
1341846657.954192 -0.007408191 0.039270151 0.003863650 0.028301492 -0.018063758 0.005768477 0.999419630
1341846657.990141 0.004387852 0.048661489 0.028486198 0.026500572 -0.008539441 0.003556714 0.999606013
1341846658.022419 -0.035863888 -0.002377762 0.021175990 0.020117309 0.006548594 0.003700310 0.999769390
1341846658.090215 -0.056641147 0.012708487 0.020730017 0.023387965 0.025137907 0.002958163 0.999405980
1341846658.122355 0.021739950 0.010285684 0.013312922 0.021553071 0.015594616 0.005219145 0.999632478
1341846658.158136 0.014497716 0.011853681 0.015479636 0.020065388 0.020381156 0.004817968 0.999579310
1341846658.190098 0.041859340 0.010906927 0.005124642 0.018133761 0.022110434 0.005573023 0.999575555
1341846658.226027 -0.004536070 -0.008737495 0.028420378 0.016479233 0.035602052 0.003657555 0.999223471
1341846658.258133 0.002104964 0.012790636 0.026020544 0.021771034 0.036339145 0.002206140 0.999099910
1341846658.290020 0.015238727 0.010273705 0.024615260 0.020078711 0.038284261 -0.001960233 0.999063253
1341846658.326239 -0.000791582 0.008850286 0.031121446 0.020474287 0.044140268 -0.005188822 0.998802125
1341846658.358248 -0.030030500 0.033434950 0.023822520 0.021329809 0.048699297 -0.008326516 0.998551011
1341846658.390215 -0.028934516 0.022753838 0.022918874 0.014067330 0.049064621 -0.012117991 0.998623013
1341846658.426300 -0.029117772 0.005795578 0.035777275 0.009453792 0.052408129 -0.013836904 0.998485088
1341846658.458168 -0.065206721 0.002679636 0.038332693 0.010515274 0.055822212 -0.012083999 0.998312294
1341846658.494176 -0.032815907 0.026248673 0.036332883 0.010697518 0.043735739 -0.006722921 0.998963237
1341846658.526214 -0.042469058 0.028795617 0.038861703 0.000727115 0.044620432 -0.008169197 0.998970389
1341846658.558129 -0.041970629 0.034394007 0.027228523 -0.008181359 0.040721186 -0.007523999 0.999108732
1341846658.594206 -0.049119864 0.065148190 0.032395285 -0.030260203 0.036779471 -0.006126571 0.998846412
1341846658.626105 -0.060566977 0.059570342 0.041780829 -0.048488550 0.032712024 -0.006077040 0.998269498
1341846658.658181 -0.056416821 0.021729501 0.048348829 -0.056245670 0.029350080 -0.010331983 0.997932017
1341846658.694141 -0.063626550 0.034712307 0.027259391 -0.064261049 0.029984649 -0.009245808 0.997439742
1341846658.726153 -0.073617049 0.029484574 0.032835625 -0.081042491 0.028469324 -0.008833122 0.996264875
1341846658.762100 -0.079189390 0.001241138 0.051886715 -0.089523204 0.022616018 -0.005285566 0.995713949
1341846658.794185 -0.057767846 0.018044343 0.038752895 -0.089942761 0.019132178 -0.003280742 0.995757759
1341846658.826155 -0.062179662 -0.012234945 0.039901495 -0.108077385 0.022161061 -0.003242355 0.993890166
1341846658.862197 -0.081178665 -0.013471245 0.051711071 -0.113300756 0.021434231 -0.003593779 0.993323028
1341846658.894170 0.005071447 0.032935400 0.015208913 -0.107130349 0.008224921 0.001915407 0.994209111
1341846658.962404 -0.067707233 0.003727103 0.028962141 -0.128167912 0.025800955 0.002345790 0.991414070
1341846658.994217 -0.034611948 -0.013384664 0.036840711 -0.132444844 0.017512323 0.003398673 0.991029859
1341846659.030070 -0.029345034 -0.006382288 0.039362337 -0.129396647 0.017917791 0.001981298 0.991429090
1341846659.062007 -0.048674006 -0.020591248 0.033830866 -0.127524957 0.020301517 0.001853801 0.991625845
1341846659.094100 -0.039087269 -0.008980716 0.028503569 -0.124034993 0.017685819 0.001552809 0.992119014
1341846659.130368 -0.029619364 -0.014328713 0.026646279 -0.126348451 0.019332081 -0.001426154 0.991796553
1341846659.162537 -0.053580780 -0.033625498 0.036899570 -0.127292693 0.024633104 -0.000129116 0.991559267
1341846659.198696 -0.026628451 -0.018050339 0.028977690 -0.121678300 0.017889796 -0.000418655 0.992408276
1341846659.231286 -0.031263988 0.010858449 0.022598578 -0.117459469 0.023827983 -0.000765110 0.992791474
1341846659.263549 -0.057297729 -0.014697485 0.026366686 -0.122429550 0.029830778 0.001964687 0.992026865
1341846659.298797 -0.043270066 -0.022385562 0.028397288 -0.124158554 0.025857920 0.002456702 0.991922379
1341846659.331074 -0.037054446 -0.011331543 0.024251098 -0.123336986 0.026704365 0.001755871 0.992003918
1341846659.362420 -0.048845392 -0.024790071 0.031900942 -0.125949234 0.030999996 0.002908528 0.991547942
1341846659.398303 -0.045054451 -0.035782170 0.037034635 -0.125540331 0.029433323 0.004997079 0.991639256
1341846659.430262 -0.012843811 -0.016452184 0.027333556 -0.121816114 0.023440504 0.005828451 0.992258787
1341846659.466583 -0.012944911 -0.017193701 0.030099286 -0.123119585 0.026753619 0.005625176 0.992015243
1341846659.498531 -0.034333561 -0.042730037 0.028576704 -0.125879258 0.029672841 0.007034059 0.991576791
1341846659.530267 -0.031133486 -0.028251434 0.028021488 -0.121108733 0.027595222 0.006001720 0.992237449
1341846659.566571 -0.022871060 -0.007322219 0.021276223 -0.116404153 0.029107038 0.005229594 0.992761552
1341846659.598122 -0.040879894 -0.018853558 0.023373364 -0.117038429 0.034460399 0.006407758 0.992508650
1341846659.630209 -0.034100041 -0.005705638 0.027056376 -0.111780271 0.030269889 0.007154020 0.993246078
1341846659.666409 -0.014348396 -0.008195761 0.021798825 -0.112862527 0.026760990 0.005512082 0.993234932
1341846659.698237 -0.049197648 -0.028138503 0.025837258 -0.117295176 0.033715617 0.004962446 0.992512226
1341846659.734169 -0.069177382 -0.024237646 0.019099580 -0.115500450 0.031168528 0.004223621 0.992809355
1341846659.766421 -0.025934966 -0.018966105 0.025522465 -0.114981808 0.020924663 0.001133041 0.993146598
1341846659.798087 -0.030359436 -0.029818296 0.027042065 -0.116800368 0.022289647 0.000855160 0.992904961
1341846659.834075 -0.045125339 -0.044657126 0.025218982 -0.117643274 0.021040794 0.000505482 0.992832839
1341846659.866481 -0.037671313 -0.030306976 0.023760907 -0.114662156 0.016029228 0.000936974 0.993274808
1341846659.898128 -0.048568852 -0.037505724 0.027812848 -0.115436405 0.016716206 0.001684449 0.993172824
1341846659.934286 -0.064745717 -0.031740364 0.018484412 -0.111354314 0.017542545 0.003153017 0.993620932
1341846659.966354 -0.057041846 -0.038208880 0.018429724 -0.110109255 0.012091767 0.002699593 0.993842304
1341846660.002267 -0.048553422 -0.022715049 0.018186834 -0.106491804 0.009115149 0.000101512 0.994271815
1341846660.034581 -0.076944269 -0.019427903 0.013969379 -0.103779316 0.013385989 -0.000791755 0.994509935
1341846660.066206 -0.071065672 -0.015528831 0.011412613 -0.098731011 0.007076804 -0.000744507 0.995088756
1341846660.102245 -0.054116387 -0.013184143 0.015849220 -0.094836459 0.001451665 -0.002520973 0.995488644
1341846660.140244 -0.061307766 -0.011075702 0.010429002 -0.093779996 0.003518651 -0.003631792 0.995580137
1341846660.202316 -0.062585346 -0.015512537 0.011551836 -0.089921564 -0.003452752 -0.003400402 0.995937109
1341846660.234105 -0.068425849 -0.023565318 0.013154161 -0.088346928 -0.001509167 -0.004801571 0.996077061
1341846660.270168 -0.071496002 -0.074954405 0.005787557 -0.090776935 -0.001614390 -0.003818926 0.995862603
1341846660.302258 -0.076547287 -0.079876289 0.011605531 -0.077434480 -0.005644966 -0.004702917 0.996970415
1341846660.334349 -0.060289040 -0.034459252 0.001828520 -0.057533078 -0.008673237 -0.005746271 0.998289406
1341846660.370214 -0.056141041 -0.022903910 -0.002403131 -0.051437255 -0.008272111 -0.007086892 0.998616815
1341846660.401986 -0.063419878 -0.011478958 -0.002630698 -0.049565446 -0.009872784 -0.008168317 0.998688698
1341846660.438062 -0.051364165 -0.015401850 0.005221293 -0.049512479 -0.012826328 -0.009060651 0.998650074
1341846660.470191 -0.061829340 -0.027326694 0.002092487 -0.048664697 -0.010793904 -0.009200454 0.998714507
1341846660.502233 -0.065386966 -0.018294254 -0.001102724 -0.045176797 -0.012741871 -0.008413700 0.998862326
1341846660.537985 -0.046102338 -0.018879745 0.007866749 -0.045889109 -0.016314179 -0.006337177 0.998793244
1341846660.570279 -0.051308379 -0.027887501 0.008380336 -0.045955308 -0.014132415 -0.004619331 0.998832881
1341846660.602130 -0.057030406 -0.035026159 -0.002868705 -0.042732757 -0.015657140 -0.000520071 0.998963773
1341846660.638256 -0.045887053 -0.013613027 -0.001342990 -0.038823918 -0.019336136 -0.000568979 0.999058783
1341846660.670338 -0.040288046 -0.018170372 0.005118727 -0.040211417 -0.016451169 -0.000323117 0.999055743
1341846660.706457 -0.051448092 -0.044350121 0.002898423 -0.039697673 -0.013912639 0.002849351 0.999110818
1341846660.738241 -0.043219924 -0.033926558 -0.000382194 -0.031476464 -0.016224226 0.005951236 0.999355137
1341846660.770121 -0.092869245 -0.042573515 -0.007418848 -0.030477101 -0.002892898 0.000111562 0.999531329
1341846660.806117 -0.041661035 -0.041888360 -0.002164910 -0.025962591 -0.007955543 0.005052899 0.999618530
1341846660.838338 -0.053993702 -0.049843386 -0.006910455 -0.018251691 -0.006782569 0.006222284 0.999791086
1341846660.870203 -0.031016085 -0.040904436 -0.005708553 -0.008880214 -0.009008109 0.007957298 0.999888361
1341846660.906366 -0.031948507 -0.048156109 -0.007374950 -0.004780408 -0.002717289 0.006809436 0.999961734
1341846660.938063 -0.066702954 -0.082176782 -0.012715657 -0.000064682 0.003817577 0.007142876 0.999967217
1341846660.974147 -0.066015586 -0.058612078 -0.014231715 0.015546787 0.003429377 0.007065149 0.999848366
1341846661.006234 -0.062351730 -0.040732726 -0.009611911 0.021581156 0.007092647 0.006729010 0.999719381
1341846661.038225 -0.071501330 -0.074870080 -0.014623772 0.019434497 0.008536614 0.007639132 0.999745548
1341846661.074059 -0.060677867 -0.085330226 -0.016590998 0.030469952 0.004335228 0.008943100 0.999486327
1341846661.106184 -0.064291902 -0.044031706 -0.011410591 0.044420391 0.007199778 0.007222052 0.998960912
1341846661.138209 -0.072327584 -0.034362771 -0.011402588 0.043587092 0.009094208 0.006091167 0.998989701
1341846661.174244 -0.070956238 -0.050123967 -0.007806643 0.042270835 0.009379650 0.005751845 0.999045610
1341846661.206205 -0.071335956 -0.047918033 -0.011490779 0.046302944 0.009967686 0.006533546 0.998856425
1341846661.242184 -0.069303572 -0.037802391 -0.008947419 0.048625883 0.009635629 0.006909192 0.998746693
1341846661.274177 -0.067030497 -0.034698106 -0.014669486 0.047285240 0.010126000 0.005611484 0.998814344
1341846661.308814 -0.069445379 -0.039671566 -0.016277255 0.045076508 0.010290048 0.005212800 0.998916984
1341846661.342489 -0.066306964 -0.030968010 -0.011346581 0.045674369 0.008756823 0.004899232 0.998906016
1341846661.374640 -0.065230921 -0.039813679 -0.013607822 0.043541674 0.009010369 0.004184065 0.999002278
1341846661.410178 -0.097893655 -0.087837435 -0.013657414 0.040811736 0.012247969 0.002557396 0.999088526
1341846661.442211 -0.056031212 -0.043404762 -0.014070079 0.050638508 0.003835828 0.005087431 0.998696804
1341846661.474354 -0.092512459 -0.048518606 -0.012371779 0.048647117 0.011541949 0.000983084 0.998748899
1341846661.510169 -0.072180487 -0.023904111 -0.013370813 0.050191801 0.005709689 0.004093628 0.998714864
1341846661.542767 -0.058310948 -0.023234015 -0.025452316 0.044633545 0.002418553 0.000849759 0.999000192
1341846661.574217 -0.080643766 -0.044231217 -0.017736506 0.039467305 0.006926991 -0.001690343 0.999195457
1341846661.610041 -0.081918083 -0.041674674 -0.019808874 0.043033049 0.003625914 -0.000562158 0.999066889
1341846661.642253 -0.067894839 -0.027973510 -0.025090266 0.043554138 0.001091466 -0.002062843 0.999048352
1341846661.678078 -0.065045111 -0.047454733 -0.010774615 0.040054839 0.000108764 0.001778658 0.999195933
1341846661.710142 -0.073952273 -0.060412832 -0.017701730 0.042016607 -0.000894332 0.002241877 0.999114096
1341846661.742341 -0.055384703 -0.071848691 -0.008673442 0.049086601 -0.004719182 0.003291307 0.998777986
1341846661.778063 -0.055534165 -0.070361525 -0.012205279 0.058481406 -0.004128304 0.001098515 0.998279333
1341846661.810103 -0.058050118 -0.070224524 -0.010492094 0.065434478 -0.003453862 -0.000332712 0.997850895
1341846661.842216 -0.041448507 -0.073647462 -0.005584174 0.073129065 -0.006297524 0.000897349 0.997302234
1341846661.878157 -0.050004378 -0.060253840 -0.008441712 0.079203226 -0.003291216 -0.002911581 0.996848822
1341846661.910222 -0.052480172 -0.059402969 -0.006024214 0.080672920 -0.000402386 -0.004044791 0.996732414
1341846661.946090 -0.072021030 -0.058171861 -0.009309321 0.083960205 0.002013728 -0.006289227 0.996447206
1341846662.010311 -0.064298362 -0.068273202 -0.002499593 0.097609639 0.001849658 -0.007955190 0.995191276
1341846662.046195 -0.064957388 -0.072011881 -0.002623551 0.106224209 -0.000270655 -0.007046548 0.994317234
1341846662.078099 -0.060180526 -0.070907980 -0.008373253 0.111927420 -0.000935846 -0.008951208 0.993675649
1341846662.110672 -0.088704780 -0.071961455 -0.024912640 0.118099824 0.003675996 -0.011171644 0.992932081
1341846662.146166 -0.084136963 -0.073972382 -0.021724410 0.125900298 0.001705103 -0.008554204 0.992004573
1341846662.178168 -0.059119280 -0.081353664 -0.011117379 0.133130237 -0.000855315 -0.006188954 0.991078913
1341846662.214136 -0.071271412 -0.079330914 -0.021566056 0.145905152 0.001977202 -0.003350950 0.989290953
1341846662.246167 -0.095224425 -0.074841782 -0.018337628 0.155500621 0.002705546 -0.003435771 0.987826109
1341846662.278007 -0.071900375 -0.070936136 -0.023193920 0.160637513 0.001113816 -0.003771102 0.987005651
1341846662.314144 -0.078609094 -0.070813164 -0.020664841 0.166268215 0.004049097 -0.005335405 0.986057818
1341846662.346164 -0.085794955 -0.070424229 -0.019152587 0.170899972 0.002813281 -0.003458093 0.985278308
1341846662.378069 -0.068783984 -0.074691132 -0.025228392 0.176980436 0.001051935 -0.003067438 0.984209061
1341846662.414229 -0.093189284 -0.077939086 -0.016041210 0.183384493 0.004945646 -0.002858785 0.983024657
1341846662.446102 -0.082191050 -0.072772056 -0.028043695 0.189741164 0.002677030 -0.000690064 0.981830299
1341846662.482229 -0.086622961 -0.087969854 -0.020994112 0.197021171 0.002223427 -0.002165047 0.980394363
1341846662.514117 -0.090277232 -0.083847441 -0.018913606 0.206437409 0.003275887 -0.000673399 0.978454113
1341846662.546261 -0.094159782 -0.077854402 -0.028285170 0.214214370 0.003673349 0.000549068 0.976779699
1341846662.582101 -0.088514462 -0.079761147 -0.016840329 0.217429981 0.004502775 -0.000794653 0.976065278
1341846662.620264 -0.069211304 -0.066531688 -0.017642187 0.221418634 0.004412563 0.002215086 0.975166380
1341846662.682024 -0.076488070 -0.063971192 -0.013019363 0.230706587 0.003448812 0.001000613 0.973016739
1341846662.714075 -0.097141467 -0.062052406 -0.000490575 0.232118905 0.006148587 0.001745944 0.972666442
1341846662.750127 -0.110304572 -0.076308630 -0.008491050 0.235746518 0.005810259 0.003187973 0.971792042
1341846662.782002 -0.083996877 -0.052471731 -0.026492123 0.239557743 0.003694467 0.002724556 0.970871270
1341846662.814097 -0.091502644 -0.049293701 -0.046074305 0.236285284 0.003875357 0.003076367 0.971671164
1341846662.850193 -0.085948721 -0.070923716 -0.013612255 0.236848667 0.002160013 0.003638265 0.971537352
1341846662.882162 -0.086049572 -0.056723904 -0.028004190 0.239820302 0.001416282 0.004462515 0.970806003
1341846662.918191 -0.089199312 -0.052005317 -0.036033582 0.238612831 0.000553482 0.003541147 0.971108198
1341846662.956034 -0.084988259 -0.053946458 -0.025485866 0.238974303 0.000447681 0.002492957 0.971022606
1341846663.018208 -0.090020381 -0.051311191 -0.034266379 0.244088650 -0.002841928 0.003993874 0.969740510
1341846663.049994 -0.082702316 -0.054699872 -0.031414453 0.243096858 -0.003503810 0.001973453 0.969993711
1341846663.118078 -0.089042358 -0.066296935 -0.033147424 0.244495764 -0.002917127 0.000526246 0.969645858
1341846663.150227 -0.079289734 -0.055381201 -0.028319396 0.246458739 -0.002869881 -0.000421361 0.969148993
1341846663.186300 -0.087398395 -0.052334607 -0.036922906 0.245736361 -0.001559453 -0.000907146 0.969335020
1341846663.218442 -0.096855186 -0.046887640 -0.057865150 0.241757318 -0.000659896 -0.002438351 0.970333457
1341846663.250380 -0.088300422 -0.052561067 -0.032525238 0.236373156 -0.000927029 -0.002362285 0.971659064
1341846663.286056 -0.089635201 -0.050480273 -0.042111769 0.230940819 -0.000599889 -0.002045449 0.972965479
1341846663.318060 -0.067807451 -0.033272505 -0.036047686 0.223572522 -0.003852225 -0.000483550 0.974679649
1341846663.350114 -0.076477267 -0.026092771 -0.028372571 0.213916376 -0.003634266 -0.000837641 0.976844847
1341846663.385985 -0.064168163 -0.047261156 -0.030636828 0.203900680 -0.004657752 -0.000636880 0.978980362
1341846663.418056 -0.066231459 -0.038673911 -0.035661846 0.199481383 -0.007441657 0.001423389 0.979872346
1341846663.454044 -0.065079212 -0.039560046 -0.022078030 0.191839918 -0.008564289 0.001475916 0.981387734
1341846663.486091 -0.070948139 -0.035135753 -0.022868365 0.185129806 -0.008801680 0.001941129 0.982672751
1341846663.518394 -0.066163160 -0.038861912 -0.020788727 0.176762283 -0.010940405 0.003814870 0.984185398
1341846663.554251 -0.062933743 -0.028414439 -0.018558381 0.171544358 -0.011155232 0.003137561 0.985108256
1341846663.586143 -0.072505414 -0.029982660 -0.028127855 0.163597137 -0.010446887 0.002921042 0.986467659
1341846663.622145 -0.069928639 -0.040129803 -0.016405491 0.155393586 -0.012584839 0.004241857 0.987763405
1341846663.654099 -0.064081654 -0.029412201 -0.017120793 0.150720194 -0.014070109 0.003442125 0.988470376
1341846663.686099 -0.078614883 -0.002996256 -0.011413350 0.142457157 -0.012970611 0.002537538 0.989712715
1341846663.722109 -0.073689029 -0.033712666 -0.016111709 0.131535694 -0.014091285 0.002908026 0.991207063
1341846663.755694 -0.069087446 -0.026533270 -0.013351932 0.127732471 -0.013232823 0.002590677 0.991716981
1341846663.786304 -0.082933776 0.027531413 -0.007901811 0.121375628 -0.009119649 -0.000047682 0.992564797
1341846663.822090 -0.073955074 0.008197158 -0.011068219 0.100284956 -0.009864210 0.000466629 0.994909763
1341846663.854115 -0.063073032 -0.014874489 -0.011948833 0.090542741 -0.010554970 0.000286087 0.995836675
1341846663.890140 -0.073371701 0.022703564 -0.006348092 0.085977986 -0.007603794 -0.000419238 0.996267915
1341846663.921987 -0.085999086 0.051042411 -0.012394676 0.069077313 -0.004290087 -0.006132606 0.997583270
1341846663.954282 -0.080321603 0.001281992 -0.020940963 0.047160499 -0.004181910 -0.005341305 0.998864293
1341846663.990370 -0.060598169 -0.003538186 -0.019125115 0.038765248 -0.003627678 -0.002870888 0.999237657
1341846664.022124 -0.084174357 0.034392193 -0.017364569 0.028531691 0.001930028 -0.007594008 0.999562263
1341846664.054171 -0.079970479 0.026594158 -0.029201537 0.012229239 0.002271736 -0.007954685 0.999890983
1341846664.090250 -0.069626272 -0.001597470 -0.009561974 -0.000854632 0.003093933 -0.008787059 0.999956250
1341846664.122237 -0.073199786 -0.008592463 -0.008594926 -0.007300165 0.003949094 -0.008388276 0.999930382
1341846664.158241 -0.083600052 -0.011693664 -0.017734781 -0.013581846 0.004820425 -0.007588385 0.999867439
1341846664.190141 -0.064421400 0.011851586 -0.014409879 -0.020114686 0.002439184 -0.009780037 0.999746919
1341846664.222189 -0.072262734 -0.003594212 -0.008730478 -0.030695295 0.004915861 -0.009745669 0.999469221
1341846664.258172 -0.065878041 -0.005776801 -0.009309929 -0.035532601 0.003456427 -0.008715975 0.999324560
1341846664.290022 -0.072319977 -0.004681641 -0.020479282 -0.042033952 0.006441565 -0.009400876 0.999051213
1341846664.322491 -0.078806765 -0.000872503 -0.017351268 -0.050980471 0.009395083 -0.010666134 0.998598576
1341846664.358302 -0.071643688 0.004861045 -0.011874480 -0.058680389 0.008034288 -0.010330583 0.998191059
1341846664.390101 -0.067561723 0.005843621 -0.011025167 -0.065754198 0.007287760 -0.010920483 0.997749507
1341846664.426143 -0.071459390 0.016284579 -0.020145832 -0.071767181 0.009206901 -0.012046483 0.997306228
1341846664.458304 -0.074639782 0.010144115 -0.004854530 -0.081419796 0.009572474 -0.012217281 0.996559083
1341846664.490116 -0.061842978 0.009536963 -0.003466658 -0.091038458 0.009240395 -0.011299982 0.995740414
1341846664.526173 -0.066437803 0.030458253 -0.014911070 -0.095420316 0.011360784 -0.011044013 0.995310962
1341846664.558129 -0.063869871 0.018658089 -0.011978859 -0.105891600 0.010713945 -0.010046538 0.994269252
1341846664.590129 -0.057447050 0.005506784 -0.015872885 -0.115329161 0.011678617 -0.010042475 0.993207932
1341846664.626196 -0.059897255 -0.001577734 -0.010833556 -0.119348764 0.014541918 -0.009671670 0.992698848
1341846664.658276 -0.059032761 -0.023478728 -0.007284219 -0.120426759 0.013413724 -0.009036185 0.992590487
1341846664.694136 -0.059103172 0.001783159 -0.017702721 -0.114938721 0.014331708 -0.009708577 0.993221760
1341846664.726667 -0.072740532 0.004092889 -0.020176811 -0.117687084 0.020152356 -0.011802198 0.992776096
1341846664.758141 -0.074230105 -0.001511686 -0.014066580 -0.120235875 0.020054849 -0.010338343 0.992488921
1341846664.794104 -0.071129531 0.003497869 -0.015890963 -0.120184608 0.018110523 -0.010627049 0.992529511
1341846664.826123 -0.072603747 -0.000901431 -0.015886163 -0.123471670 0.019882541 -0.009210972 0.992106199
1341846664.862093 -0.084016122 -0.002355405 -0.015039727 -0.125104621 0.020608259 -0.008109834 0.991896391
1341846664.894198 -0.069534853 -0.003331961 -0.016693002 -0.125760511 0.017532161 -0.007707851 0.991875768
1341846664.926270 -0.068805590 -0.000747411 -0.018424807 -0.126874343 0.020603530 -0.007430146 0.991676986
1341846664.962375 -0.064487189 0.000784450 -0.018018451 -0.128299132 0.019973716 -0.006937546 0.991510093
1341846664.997077 -0.071541451 0.012862599 -0.020550149 -0.128492370 0.021293845 -0.008229709 0.991447747
1341846665.026380 -0.071300164 0.003316757 -0.019649109 -0.133256644 0.022446517 -0.010265270 0.990774214
1341846665.062417 -0.080912806 -0.001380134 -0.018149927 -0.135285065 0.024295680 -0.009224616 0.990465879
1341846665.094077 -0.050428607 0.016642727 -0.017821386 -0.134633452 0.017960694 -0.007808509 0.990701973
1341846665.130160 -0.071761295 0.010227733 -0.027656773 -0.140828401 0.025240127 -0.007606959 0.989683032
1341846665.162114 -0.094548307 0.013211560 -0.021446107 -0.143888801 0.028714526 -0.007621307 0.989147842
1341846665.194100 -0.071454562 0.016972857 -0.022880694 -0.145329788 0.023025326 -0.006587320 0.989093363
1341846665.230221 -0.055535968 0.026817486 -0.030264549 -0.149840504 0.023087157 -0.005602593 0.988424778
1341846665.262005 -0.074483052 0.033377800 -0.026943577 -0.158228904 0.027452914 -0.006895314 0.986996710
1341846665.300077 -0.072177388 0.024427053 -0.022667792 -0.167614594 0.026756065 -0.006568602 0.985467613
1341846665.362294 -0.074700683 0.008937346 -0.023501856 -0.180146888 0.032010350 -0.008397372 0.983082891
1341846665.398079 -0.078298941 0.024298683 -0.030622153 -0.180605099 0.030051531 -0.008048245 0.983063579
1341846665.430162 -0.041931130 0.027534943 -0.037040763 -0.188852802 0.024645187 -0.010267746 0.981642425
1341846665.462226 -0.071336344 0.024794092 -0.028513489 -0.200415671 0.034589726 -0.011188091 0.979036272
1341846665.498226 -0.087576225 0.018198749 -0.024591565 -0.206798211 0.035196852 -0.010111210 0.977698088
1341846665.530109 -0.075975984 0.023333648 -0.029877180 -0.206857517 0.032764826 -0.009284514 0.977778256
1341846665.562222 -0.088995472 0.035769906 -0.031267360 -0.205093473 0.037162017 -0.008449798 0.978000164
1341846665.598196 -0.072757520 0.031828165 -0.030034337 -0.207328066 0.032931458 -0.007758960 0.977686286
1341846665.630107 -0.074282974 0.023610508 -0.041961007 -0.212247163 0.033585042 -0.008688335 0.976600111
1341846665.666289 -0.071633995 0.029227564 -0.034075812 -0.215471581 0.035582103 -0.008443083 0.975825131
1341846665.698060 -0.094124965 0.021633593 -0.043820724 -0.219900325 0.038973954 -0.007935124 0.974711239
1341846665.730361 -0.084108524 0.047113735 -0.047560178 -0.217890680 0.036306687 -0.008406488 0.975261390
1341846665.766193 -0.068766549 0.034873895 -0.052002706 -0.224197865 0.035557549 -0.008409676 0.973858476
1341846665.798338 -0.077306084 0.044489138 -0.048796363 -0.225565657 0.038178280 -0.007805369 0.973448336
1341846665.834237 -0.078011617 0.033826355 -0.048307706 -0.231880739 0.038394924 -0.008828168 0.971946120
1341846665.866106 -0.056065388 0.033789415 -0.057057235 -0.237374991 0.036749337 -0.008514675 0.970685422
1341846665.898073 -0.080555514 0.039384283 -0.063647196 -0.243885532 0.044155285 -0.008802703 0.968758345
1341846665.934076 -0.082811177 0.043633241 -0.065658621 -0.247884333 0.043477334 -0.007526361 0.967784345
1341846665.966137 -0.083767004 0.036246836 -0.065183416 -0.253968298 0.043962568 -0.007887895 0.966180742
1341846665.998149 -0.082157671 0.039613020 -0.066974044 -0.256825536 0.047124017 -0.006435347 0.965286791
1341846666.034210 -0.078647748 0.046664264 -0.069235466 -0.255555451 0.045430403 -0.004191684 0.965717316
1341846666.072502 -0.086654797 0.042901918 -0.069827236 -0.257746875 0.046349462 -0.004335818 0.965090454
1341846666.134147 -0.079805069 0.038034815 -0.070674658 -0.266593605 0.047689773 -0.003704372 0.962621331
1341846666.166356 -0.087834969 0.046694152 -0.074698173 -0.266095549 0.048136499 -0.003360880 0.962738156
1341846666.202327 -0.087113254 0.041738600 -0.075777814 -0.269549757 0.050300710 -0.004962788 0.961659133
1341846666.234319 -0.082283705 0.044346929 -0.074222937 -0.271919996 0.047853053 -0.004366677 0.961119473
1341846666.266322 -0.074202523 0.033014506 -0.073578544 -0.279203683 0.044154219 -0.002601573 0.959212661
1341846666.302195 -0.087030396 -0.039025757 -0.055651166 -0.304841965 0.048880439 -0.003224046 0.951142311
1341846666.335080 -0.076872811 -0.008832760 -0.062583581 -0.309633315 0.047576923 -0.003267221 0.949659467
1341846666.370216 -0.076219074 0.004693623 -0.065617032 -0.312827140 0.043849785 -0.001591173 0.948796093
1341846666.402019 -0.085670754 -0.005887871 -0.063958481 -0.321601391 0.046315115 -0.000808123 0.945741415
1341846666.434088 -0.069420651 0.014594557 -0.068157554 -0.322886914 0.044691380 0.001994626 0.945379734
1341846666.470060 -0.119870670 0.067503996 -0.084889069 -0.314268559 0.051205065 0.005088277 0.947938561
1341846666.502190 -0.124209426 0.046050426 -0.080854148 -0.324399531 0.053037442 0.007467953 0.944402635
1341846666.534121 -0.104885675 0.035717055 -0.078522004 -0.337182909 0.052506205 0.009678048 0.939924002
1341846666.570131 -0.104994118 0.030191384 -0.072810017 -0.345722616 0.052233633 0.011949097 0.936805665
1341846666.602180 -0.106095977 0.073592655 -0.089096069 -0.343608081 0.051565401 0.012721603 0.937610149
1341846666.638072 -0.106362641 0.085973673 -0.093355574 -0.347563505 0.053064298 0.012338603 0.936072469
1341846666.670134 -0.165493757 0.081302673 -0.099596217 -0.350986660 0.062352922 0.012566869 0.934217632
1341846666.738266 -0.160143435 0.080286674 -0.102520376 -0.355572402 0.059064068 0.014414504 0.932669342
1341846666.770390 -0.160187036 0.076147899 -0.098474614 -0.358760983 0.057225421 0.016981777 0.931518972
1341846666.802119 -0.162108868 0.076103762 -0.102741018 -0.359780043 0.054535776 0.019619627 0.931235373
1341846666.838108 -0.159203991 0.087085292 -0.109490566 -0.359290183 0.053004999 0.021502584 0.931471288
1341846666.870483 -0.161635518 0.090535060 -0.112241320 -0.361302763 0.053382147 0.022713890 0.930642128
1341846666.906019 -0.164195627 0.086875990 -0.111903884 -0.364986211 0.052997593 0.023396350 0.929208755
1341846666.937989 -0.158191353 0.087751523 -0.116001710 -0.368274033 0.049729079 0.023569888 0.928087115
1341846666.970036 -0.152606860 0.090671003 -0.118114293 -0.371285439 0.048381265 0.021515239 0.927007854
1341846667.006200 -0.161906242 0.085378379 -0.113997310 -0.375006735 0.050060067 0.020303855 0.925446808
1341846667.038153 -0.175230175 0.103051633 -0.128633842 -0.373394310 0.048605885 0.018384051 0.926216066
1341846667.074153 -0.107829064 0.137385786 -0.135212317 -0.373813659 0.034440886 0.016851777 0.926710963
1341846667.106156 -0.170517683 0.086826153 -0.124492943 -0.389640689 0.048219964 0.014632577 0.919587314
1341846667.138108 -0.171996266 0.069120765 -0.120631188 -0.392657071 0.044787120 0.014447793 0.918480158
1341846667.174105 -0.143885359 0.071699172 -0.126253098 -0.390282691 0.038780067 0.013783260 0.919774771
1341846667.206107 -0.160916850 0.064491957 -0.123859748 -0.390144318 0.044726990 0.008132566 0.919630766
1341846667.238075 -0.107213750 0.080520853 -0.128119335 -0.383199364 0.033639945 0.002916963 0.923048317
1341846667.274016 0.021860149 0.095666923 -0.097776540 -0.376388639 0.007666341 0.005013478 0.926416576
1341846667.306189 0.006672564 0.039697040 -0.078409478 -0.377609521 0.012876650 0.000250564 0.925875366
1341846667.342253 0.038133509 0.046117343 -0.069955125 -0.363590121 0.003784056 0.001835168 0.931549549
1341846667.374345 0.057660155 0.058439098 -0.093928397 -0.351150632 -0.000886586 -0.001166845 0.936317861
1341846667.406982 0.051326837 0.038362261 -0.074230820 -0.349872440 0.002800343 -0.005129377 0.936779141
1341846667.442109 0.046043742 -0.004945939 -0.067553729 -0.346249282 0.003418318 -0.003295705 0.938130617
1341846667.474109 0.046485696 0.006827055 -0.068688244 -0.331218064 0.001010873 -0.004163845 0.943544507
1341846667.506006 0.028837068 0.012921231 -0.080650464 -0.316839904 0.005730160 -0.009077759 0.948418319
1341846667.542298 -0.019662132 -0.081373669 -0.082053810 -0.318171948 0.012626158 -0.009732380 0.947898984
1341846667.574196 0.004272858 -0.077648401 -0.090688653 -0.302354127 0.007120771 -0.008983541 0.953126788
1341846667.610099 0.008711990 -0.005981090 -0.109421499 -0.277950704 0.007585706 -0.013343544 0.960472763
1341846667.642293 0.015199971 0.003825391 -0.113968588 -0.267746150 0.005714524 -0.012581055 0.963390410
1341846667.674072 -0.005535556 0.015115595 -0.126532346 -0.261367559 0.009184710 -0.015304300 0.965074360
1341846667.710179 -0.003014153 0.014887233 -0.125544280 -0.260890722 0.011613981 -0.017239418 0.965144575
1341846667.742255 -0.005553236 0.026642460 -0.121198505 -0.254948646 0.012849425 -0.017036483 0.966719151
1341846667.774114 -0.006752580 0.011302967 -0.115156874 -0.250119507 0.011739759 -0.014532667 0.968034744
1341846667.810099 -0.012750988 0.009780208 -0.121640414 -0.245703638 0.016116977 -0.017825654 0.969047070
1341846667.842103 0.021972489 0.006676111 -0.114393525 -0.241965503 0.011566197 -0.018341715 0.970042527
1341846667.878139 0.031087272 0.020930905 -0.122790582 -0.229365826 0.009149386 -0.015593870 0.973172426
1341846667.910558 -0.013315399 0.015679363 -0.124565810 -0.224453300 0.020463623 -0.019898942 0.974066734
1341846667.942116 -0.029786903 0.005402932 -0.112595730 -0.222309917 0.026187906 -0.020844221 0.974401355
1341846667.978287 -0.009008117 0.013551277 -0.118979268 -0.212212920 0.021776129 -0.019238964 0.976791382
1341846668.010215 -0.018482605 -0.004041849 -0.107136399 -0.208454907 0.026808212 -0.021037856 0.977438211
1341846668.046247 -0.031371851 -0.001765971 -0.110198051 -0.199028403 0.031900570 -0.021136576 0.979246318
1341846668.078111 -0.027708009 0.010962365 -0.110893533 -0.187526479 0.031269908 -0.018358864 0.981590033
1341846668.110130 -0.052973550 0.009620734 -0.112094142 -0.179481357 0.038854510 -0.021536589 0.982757866
1341846668.146332 -0.046336327 0.005781464 -0.115938805 -0.172521055 0.040098500 -0.020715652 0.983971357
1341846668.178208 -0.063721225 0.000714386 -0.114544995 -0.161331937 0.040425345 -0.017753007 0.985912085
1341846668.211262 -0.069119982 0.027284145 -0.107758626 -0.144717634 0.042023361 -0.020285679 0.988372087
1341846668.246163 -0.026880916 0.045846894 -0.116397426 -0.127222821 0.035899442 -0.017544065 0.991069019
1341846668.278397 -0.075771622 0.045056719 -0.112971820 -0.115698144 0.042125251 -0.015373795 0.992271721
1341846668.314248 -0.066429615 0.022390936 -0.108036414 -0.110791370 0.040295497 -0.015652055 0.992903173
1341846668.346231 -0.170269713 0.014686184 -0.095283002 -0.107736439 0.060037151 -0.017610790 0.992208779
1341846668.378099 -0.142105371 0.023866352 -0.099620700 -0.099726789 0.053753141 -0.014088820 0.993461967
1341846668.414247 -0.159647748 0.018141145 -0.098696932 -0.094635673 0.057132933 -0.015291262 0.993753552
1341846668.445965 -0.187653527 0.011244124 -0.095488958 -0.088140711 0.062439788 -0.013687202 0.994054914
1341846668.478153 -0.222112790 0.002739145 -0.087037824 -0.070968196 0.064688243 -0.014569129 0.995272219
1341846668.514213 -0.202917278 0.010460994 -0.083267495 -0.054577246 0.061779052 -0.014289391 0.996494114
1341846668.546115 -0.160150275 0.009586259 -0.097048581 -0.048004702 0.054156538 -0.011530734 0.997311234
1341846668.582467 -0.165364534 0.015905527 -0.104186237 -0.039461423 0.053961057 -0.012894161 0.997679710
1341846668.614140 -0.254027724 -0.011807892 -0.097469762 -0.032105844 0.069997199 -0.022727434 0.996771395
1341846668.646312 -0.304687977 -0.006255952 -0.082714587 -0.019606333 0.078194186 -0.023224082 0.996474802
1341846668.682455 -0.233802408 0.023491051 -0.086975917 -0.006834121 0.063377313 -0.021717746 0.997729897
1341846668.714133 -0.236242324 -0.008286149 -0.096511588 0.001008658 0.060193006 -0.020885507 0.997967780
1341846668.746132 -0.243410930 0.024946278 -0.095659144 0.014624962 0.059568558 -0.022671767 0.997859597
1341846668.782338 -0.246203631 0.049954277 -0.102322869 0.017520057 0.059817534 -0.024750566 0.997748673
1341846668.814140 -0.252339721 0.034545466 -0.099630453 0.013550719 0.061040238 -0.026005460 0.997704506
1341846668.850214 -0.253564000 0.040930752 -0.090165123 0.014201765 0.060556181 -0.026271215 0.997717977
1341846668.882442 -0.241717249 0.048310813 -0.102932312 0.013247549 0.057192933 -0.026403651 0.997926056
1341846668.914289 -0.249301031 0.033992540 -0.102293342 0.010172193 0.057324648 -0.028158294 0.997906625
1341846668.950088 -0.257789046 0.043082401 -0.095487230 0.012851021 0.055292897 -0.030192735 0.997930884
1341846668.982227 -0.223823994 0.059764750 -0.116377883 0.011409318 0.046043377 -0.033692166 0.998305917
1341846669.014062 -0.223717898 0.059604894 -0.116440289 0.003411822 0.044895273 -0.040523808 0.998163640
1341846669.050056 -0.240890339 0.052200966 -0.111631215 -0.002490570 0.043797601 -0.045609329 0.997995675
1341846669.082525 -0.225632727 0.067055702 -0.119396456 -0.005004389 0.037541036 -0.051702917 0.997944176
1341846669.118346 -0.216870502 0.083725743 -0.115362428 -0.012392177 0.034929957 -0.061587118 0.997413397
1341846669.150086 -0.236152396 0.060468383 -0.110253938 -0.021509077 0.034803547 -0.069507435 0.996742129
1341846669.182477 -0.219350517 0.061672498 -0.118600994 -0.023317115 0.027970470 -0.076280914 0.996421218
1341846669.218046 -0.196600050 0.059343576 -0.114665076 -0.030354306 0.025069917 -0.082442082 0.995818019
1341846669.250205 -0.203120008 0.055292618 -0.103672199 -0.035271112 0.024200743 -0.085825957 0.995391488
1341846669.286114 -0.183766320 0.048598006 -0.109583639 -0.037083939 0.018613102 -0.090669312 0.995016336
1341846669.318030 -0.178825334 0.057452384 -0.112725884 -0.037673514 0.019321701 -0.096318245 0.994449735
1341846669.350255 -0.202213436 0.045611050 -0.106200770 -0.041629553 0.020549087 -0.101393797 0.993762553
1341846669.418200 -0.182815194 0.060045160 -0.112966888 -0.048146352 0.014379914 -0.121987350 0.991258979
1341846669.450219 -0.201530159 0.061054882 -0.113008179 -0.052162040 0.015909709 -0.132059500 0.989740491
1341846669.486175 -0.186949506 0.063384667 -0.120427296 -0.055366334 0.010544544 -0.143324360 0.988069594
1341846669.518033 -0.180871069 0.063014403 -0.123734921 -0.062478129 0.011512468 -0.155391514 0.985808015
1341846669.554159 -0.188900992 0.070478030 -0.116751805 -0.066815406 0.014004988 -0.165350750 0.983869255
1341846669.586348 -0.181445673 0.075109690 -0.118378654 -0.070408031 0.012069752 -0.172974497 0.982332349
1341846669.617976 -0.186861664 0.059755087 -0.124820128 -0.081503376 0.015498191 -0.184149742 0.979390562
1341846669.654096 -0.187539816 0.060332838 -0.119741365 -0.084848888 0.019125884 -0.191694841 0.977592945
1341846669.686069 -0.186494932 0.064873323 -0.114992186 -0.084170751 0.020124700 -0.197721079 0.976430595
1341846669.718075 -0.156082839 0.070907183 -0.133640796 -0.084878020 0.016872622 -0.202937409 0.975360155
1341846669.754171 -0.169306487 0.089376807 -0.135419786 -0.089402437 0.022988284 -0.214185223 0.972421527
1341846669.786139 -0.166333273 0.077732712 -0.130365849 -0.095515028 0.024012242 -0.221190184 0.970244944
1341846669.822151 -0.167101562 0.075244643 -0.131531730 -0.098496042 0.025022136 -0.229617104 0.967961013
1341846669.854118 -0.168866977 0.090408556 -0.134019151 -0.101836823 0.027839677 -0.237510443 0.965630889
1341846669.886219 -0.175548345 0.077367663 -0.134303108 -0.110042259 0.030789007 -0.246755257 0.962317348
1341846669.922050 -0.168360010 0.079077281 -0.125864208 -0.111695468 0.030917456 -0.254812539 0.960020244
1341846669.954047 -0.165348291 0.096448496 -0.135447338 -0.113135964 0.032874309 -0.262459844 0.957723558
1341846669.986285 -0.171348169 0.098879278 -0.143009260 -0.120538816 0.037181638 -0.270855129 0.954319358
1341846670.022242 -0.137649834 0.089860715 -0.142358005 -0.123356000 0.034804214 -0.278898686 0.951728702
1341846670.054135 -0.106980018 0.083755031 -0.154924318 -0.126045331 0.032094292 -0.285178751 0.949608207
1341846670.090228 -0.135724068 0.088781625 -0.144785941 -0.132108584 0.040486302 -0.296779543 0.944896877
1341846670.121996 -0.165571034 0.096622795 -0.149658442 -0.136087045 0.050599858 -0.309030175 0.939904451
1341846670.154057 -0.165121064 0.102492779 -0.143988356 -0.139171660 0.055786207 -0.317357600 0.936377764
1341846670.190103 -0.182231039 0.088112935 -0.126254603 -0.146682635 0.060832884 -0.328892171 0.930920839
1341846670.222197 -0.162162378 0.082233995 -0.145853013 -0.147454798 0.060952697 -0.338872999 0.927203834
1341846670.258571 -0.181478277 0.065977097 -0.135165721 -0.153181195 0.068557464 -0.347197205 0.922653556
1341846670.290254 -0.141634315 0.071344100 -0.133459583 -0.151497200 0.064803757 -0.351401329 0.921610713
1341846670.358377 -0.200751022 0.104556553 -0.139216378 -0.147564963 0.089908540 -0.373026609 0.911587775
1341846670.390114 -0.172550470 0.094627611 -0.149672911 -0.145488232 0.091556795 -0.378684193 0.909422278
1341846670.422206 -0.123612449 0.089495830 -0.156946719 -0.139161795 0.090250097 -0.388114035 0.906563044
1341846670.464003 -0.087430857 0.106562734 -0.169091478 -0.126552179 0.094289839 -0.399102688 0.903222620
1341846670.526271 -0.198883995 0.072219074 -0.154135808 -0.133520201 0.124752849 -0.410346150 0.893434465
1341846670.566977 -0.180719346 0.070196986 -0.168858483 -0.130281493 0.125924289 -0.413102806 0.892477453
1341846670.596103 -0.169061244 0.067211330 -0.174911633 -0.126806110 0.126675591 -0.415891975 0.891575813
1341846670.628412 -0.154403612 0.068726435 -0.178999230 -0.122864433 0.127343208 -0.422543049 0.888901234
1341846670.664027 -0.254267365 0.071302377 -0.128505334 -0.126198933 0.147247657 -0.432884216 0.880342722
1341846670.696002 -0.227091148 0.067302324 -0.139782831 -0.118182555 0.147664398 -0.436456650 0.879621387
1341846670.728093 -0.197106227 0.065785013 -0.146278948 -0.108940274 0.147492677 -0.442118526 0.878014386
1341846670.764128 -0.212637424 0.078960247 -0.158368856 -0.103572622 0.157483503 -0.448508710 0.873677075
1341846670.796059 -0.199249849 0.080072641 -0.170435235 -0.095550053 0.162090465 -0.453817666 0.871003151
1341846670.832246 -0.248976633 0.078830585 -0.124081731 -0.093648233 0.172996879 -0.454872072 0.868558288
1341846670.863970 -0.228666812 0.076862916 -0.133938372 -0.087849744 0.170803189 -0.452730983 0.870714307
1341846670.896139 -0.222744375 0.061385948 -0.145032614 -0.083095849 0.174638882 -0.452370018 0.870607734
1341846670.932028 -0.199299127 0.060788222 -0.126474410 -0.070224546 0.178856865 -0.447378755 0.873459280
1341846670.964063 -0.189734787 0.073865578 -0.140325144 -0.057144877 0.177289769 -0.442039043 0.877441883
1341846671.000270 -0.206824452 0.041700304 -0.160057560 -0.055410765 0.177421734 -0.444239795 0.876414418
1341846671.032112 -0.207910702 0.040847387 -0.163527489 -0.047174960 0.184006974 -0.447039455 0.874112010
1341846671.064030 -0.206398413 0.049043126 -0.145918787 -0.037917446 0.188207075 -0.450096309 0.872097313
1341846671.101398 -0.199375510 0.040153921 -0.158243179 -0.031717513 0.186299086 -0.455932140 0.869719803
1341846671.132289 -0.208127260 0.050166048 -0.141918600 -0.020388953 0.191125572 -0.463245094 0.865135431
1341846671.168159 -0.200481206 0.051587529 -0.136204332 -0.008143256 0.188025177 -0.466169924 0.864445388
1341846671.200149 -0.188711926 0.053487122 -0.141749874 0.004218434 0.181696460 -0.469446361 0.864053667
1341846671.232280 -0.222216412 0.017601885 -0.145102039 0.007473958 0.182389125 -0.474892944 0.860903621
1341846671.268147 -0.211895704 0.026177391 -0.151237845 0.019791117 0.183272034 -0.477906734 0.858850896
1341846671.300337 -0.192239910 0.035813931 -0.163835585 0.031155242 0.177658722 -0.478390217 0.859423935
1341846671.336125 -0.192264333 0.024759844 -0.168668136 0.034990519 0.174413905 -0.483145028 0.857278466
1341846671.368236 -0.184399694 0.032638248 -0.171438903 0.043005668 0.175041050 -0.485113561 0.855672836
1341846671.400327 -0.217757836 0.010332771 -0.148532152 0.044077113 0.172873169 -0.489488363 0.853565037
1341846671.436064 -0.213146746 0.016874045 -0.156714231 0.048995998 0.169850141 -0.495074451 0.850677133
1341846671.468197 -0.204566002 0.030971155 -0.165565223 0.056120060 0.169525266 -0.499948740 0.847445011
1341846671.504294 -0.238469660 0.009565629 -0.145222694 0.054465011 0.165830821 -0.505840242 0.844783604
1341846671.536197 -0.227413058 0.000316247 -0.153039962 0.058188159 0.155490637 -0.514126837 0.841492951
1341846671.568120 -0.217736900 0.005600050 -0.163175464 0.066711150 0.151066467 -0.521412969 0.837172091
1341846671.604188 -0.222500905 0.010292456 -0.151717961 0.071210548 0.147416294 -0.528742611 0.832843781
1341846671.636057 -0.207004905 0.011756748 -0.167587012 0.080771253 0.134922445 -0.532329202 0.831803799
1341846671.672157 -0.193316564 0.015315913 -0.179796934 0.091488309 0.125707701 -0.536740661 0.829299092
1341846671.704027 -0.182529300 0.020446278 -0.187864721 0.095088921 0.121297032 -0.538289845 0.828546405
1341846671.736479 -0.185371116 0.023076683 -0.188369229 0.093898602 0.117993325 -0.545701504 0.824299991
1341846671.774745 -0.207959771 0.011334270 -0.164186329 0.093169294 0.115535699 -0.552856207 0.819951832
1341846671.804605 -0.207598716 0.009570748 -0.174093306 0.094622068 0.110167406 -0.556230962 0.818240225
1341846671.840252 -0.211882919 0.006749719 -0.182513267 0.093650945 0.106304258 -0.559836209 0.816402137
1341846671.872106 -0.204424843 0.009506702 -0.182885289 0.096532226 0.103735313 -0.562526762 0.814545393
1341846671.904035 -0.195001334 0.007312506 -0.185021460 0.095987804 0.100209430 -0.567130208 0.811854482
1341846671.972239 -0.206450954 0.002691254 -0.185102612 0.092953488 0.099027611 -0.578840375 0.804050446
1341846672.034218 -0.203432143 0.010165617 -0.180450588 0.092706546 0.094851881 -0.588585794 0.797480643
1341846672.066227 -0.189481840 0.002898097 -0.191626608 0.092475317 0.092016347 -0.594197154 0.793669343
1341846672.098024 -0.202794656 0.001494229 -0.186043516 0.090687662 0.090872958 -0.598707676 0.790611863
1341846672.134061 -0.192121953 -0.009870082 -0.195287094 0.089810722 0.085847907 -0.603245735 0.787818968
1341846672.166000 -0.199314862 -0.010161445 -0.198881015 0.088390939 0.087119304 -0.608083487 0.784112096
1341846672.198405 -0.208595410 -0.010413870 -0.193995118 0.087193340 0.087581515 -0.612266302 0.780933321
1341846672.234130 -0.214883775 -0.015076116 -0.192967162 0.087198123 0.085015275 -0.616347671 0.778000236
1341846672.266403 -0.215994447 -0.023875922 -0.205120891 0.088237226 0.083265997 -0.619002104 0.775962234
1341846672.302710 -0.209370673 -0.005389184 -0.205912292 0.091136433 0.083192579 -0.619729400 0.775053978
1341846672.335022 -0.210347608 -0.008428946 -0.205518216 0.088983476 0.081481814 -0.621359646 0.774180114
1341846672.366487 -0.211051539 -0.009638861 -0.204163134 0.089316688 0.081856102 -0.624119520 0.771878898
1341846672.402478 -0.202016279 -0.007903561 -0.208484560 0.091241345 0.080921970 -0.624229372 0.771663427
1341846672.434330 -0.202856719 -0.000678584 -0.199872240 0.091472425 0.081791066 -0.622774661 0.772719026
1341846672.472323 -0.215380669 -0.000375375 -0.191710919 0.090917900 0.083422527 -0.623196006 0.772270262
1341846672.534812 -0.214972720 0.001466513 -0.196535841 0.090536349 0.081014529 -0.620596528 0.774661064
1341846672.570153 -0.220275491 -0.006193340 -0.195163578 0.086032763 0.079926938 -0.621075749 0.774903238
1341846672.608881 -0.207003295 0.001285702 -0.182097718 0.088764347 0.076600306 -0.617303371 0.777939498
1341846672.640836 -0.196146324 0.004573166 -0.182537615 0.088850997 0.073058136 -0.613846421 0.780999660
1341846672.708152 -0.195003256 0.009079784 -0.174813569 0.089388475 0.070027672 -0.602289140 0.790160537
1341846672.770288 -0.201394767 0.007365108 -0.189837933 0.090618126 0.065436080 -0.582405269 0.805177391
1341846672.803280 -0.200476006 0.007681862 -0.189039871 0.092836387 0.062349260 -0.572709978 0.812094390
1341846672.838034 -0.202216133 0.013216317 -0.184087038 0.094163395 0.059542131 -0.563158989 0.818803966
1341846672.870092 -0.197142377 0.011512309 -0.185199961 0.094988719 0.054538805 -0.555293560 0.824409962
1341846672.902275 -0.202957079 0.018985316 -0.179052547 0.095606267 0.052921433 -0.549950421 0.828017712
1341846672.938315 -0.205039799 0.020088151 -0.179737359 0.094591327 0.049374245 -0.541455686 0.833930671
1341846672.970326 -0.196872130 0.017044991 -0.185403720 0.093111932 0.044325761 -0.530105114 0.841637671
1341846673.008221 -0.193080202 0.014617376 -0.187437445 0.090982869 0.040939640 -0.520415425 0.848064721
1341846673.070235 -0.204207093 0.016390741 -0.189171046 0.085002236 0.039095968 -0.500900865 0.860432804
1341846673.106189 -0.200813934 0.016434312 -0.177863091 0.086747982 0.035208981 -0.488386363 0.867590904
1341846673.138104 -0.196723074 0.015240029 -0.172407046 0.088332050 0.030314321 -0.474869251 0.875087261
1341846673.170298 -0.204229996 0.014169104 -0.175525159 0.087714590 0.028134365 -0.466276497 0.879830062
1341846673.206489 -0.206566274 0.015712216 -0.172073036 0.089702137 0.025224296 -0.456114441 0.885029316
1341846673.238153 -0.205341607 0.015311196 -0.167942315 0.091773868 0.020210059 -0.445284069 0.890444398
1341846673.274220 -0.215617418 0.011512585 -0.172933847 0.092117704 0.018782195 -0.437872261 0.894108236
1341846673.306107 -0.209230930 0.013416134 -0.172309458 0.096296601 0.014889542 -0.428629428 0.898210526
1341846673.338187 -0.207202449 0.011678655 -0.172727734 0.098830611 0.010198550 -0.419092566 0.902490973
1341846673.374098 -0.207911223 0.009482358 -0.173281938 0.101596564 0.007997951 -0.408781707 0.906924367
1341846673.406266 -0.200548068 0.010859549 -0.170311093 0.105170332 0.005260230 -0.397178441 0.911680222
1341846673.438267 -0.207798749 0.007348504 -0.163513467 0.107508332 0.001885992 -0.384847552 0.916695595
1341846673.474135 -0.203853726 0.006467782 -0.164838985 0.112173982 -0.002145696 -0.369932562 0.922259390
1341846673.506260 -0.199265242 0.012241922 -0.165107861 0.115920052 -0.005420350 -0.355212063 0.927554667
1341846673.542168 -0.201671049 0.015157763 -0.166536868 0.116052233 -0.010076599 -0.342860639 0.932135761
1341846673.574072 -0.203346759 0.015713885 -0.165166080 0.115493380 -0.013263148 -0.332645684 0.935859084
1341846673.606102 -0.201760814 0.017336491 -0.168435708 0.115622804 -0.018541325 -0.320791334 0.939883232
1341846673.648026 -0.193231821 0.022429245 -0.172634736 0.113875754 -0.025653338 -0.307717383 0.944290340
1341846673.710162 -0.205094025 0.028849341 -0.171393454 0.105044708 -0.034200769 -0.284811974 0.952196479
1341846673.742225 -0.209096432 0.034592077 -0.170610666 0.101878472 -0.039458714 -0.272374123 0.955968678
1341846673.774298 -0.225747377 0.032968614 -0.170008808 0.098014534 -0.043239750 -0.257730216 0.960259676
1341846673.810154 -0.217200175 0.036558956 -0.167128921 0.096591085 -0.051111944 -0.242644295 0.963940620
1341846673.842305 -0.227637842 0.041452285 -0.167121902 0.093772270 -0.056158528 -0.229648471 0.967116594
1341846673.874285 -0.208707929 0.044620011 -0.169562370 0.090697557 -0.062463421 -0.217840746 0.969751358
1341846673.910253 -0.215096787 0.047824316 -0.167702049 0.085528024 -0.064520940 -0.205234244 0.972831368
1341846673.942284 -0.225573272 0.041337632 -0.163171932 0.081768833 -0.066921055 -0.197035581 0.974685848
1341846673.978434 -0.209843755 0.036447074 -0.158218741 0.080894597 -0.070232391 -0.186383665 0.976619005
1341846674.016486 -0.215498433 0.040153384 -0.155815855 0.082785524 -0.069035731 -0.177701876 0.978162944
1341846674.052060 -0.216963917 0.039379213 -0.163710326 0.082502268 -0.069664039 -0.167352781 0.979966044
1341846674.084057 -0.205455169 0.040924959 -0.165246516 0.083503559 -0.070921153 -0.159024373 0.981177151
1341846674.152235 -0.216701955 0.051889542 -0.158441931 0.076651134 -0.068519928 -0.144335791 0.984173238
1341846674.210322 -0.200346142 0.059016287 -0.164204374 0.071623318 -0.068244889 -0.127757326 0.986859083
1341846674.246217 -0.217805073 0.054172963 -0.157764629 0.066215344 -0.066844650 -0.120975748 0.988186359
1341846674.278035 -0.214060143 0.043519583 -0.151410222 0.065669432 -0.069137916 -0.111359820 0.989194870
1341846674.310117 -0.212127894 0.053574484 -0.166758358 0.066187516 -0.069975063 -0.101880930 0.990122736
1341846674.346212 -0.207129270 0.055774953 -0.163380429 0.063897766 -0.070564508 -0.094325513 0.990979552
1341846674.378058 -0.205419779 0.046385750 -0.149404779 0.063660070 -0.070197970 -0.083354078 0.992003918
1341846674.410162 -0.214064702 0.058903113 -0.164331585 0.065051615 -0.068947978 -0.075496808 0.992630184
1341846674.446125 -0.209711537 0.059469473 -0.164437220 0.062363602 -0.069169320 -0.069404982 0.993231773
1341846674.478198 -0.206494465 0.052886773 -0.159356683 0.061974227 -0.068833642 -0.063023366 0.993704796
1341846674.514124 -0.214461699 0.060560450 -0.170655832 0.062516853 -0.067577928 -0.059164744 0.993994236
1341846674.546062 -0.214185610 0.055883441 -0.162196234 0.060929831 -0.068346865 -0.054374598 0.994313717
1341846674.578094 -0.210550755 0.056096200 -0.168743849 0.061265849 -0.068255387 -0.051171459 0.994469285
1341846674.614179 -0.211389586 0.062741853 -0.164073706 0.060594119 -0.066595778 -0.046310030 0.994861186
1341846674.682209 -0.204638347 0.052934971 -0.149179757 0.061099023 -0.069525972 -0.030301249 0.995246172
1341846674.714186 -0.207837567 0.061522074 -0.156583637 0.063179582 -0.068227753 -0.021353379 0.995438278
1341846674.752271 -0.206655338 0.056214839 -0.161888942 0.062313855 -0.068568885 -0.011003196 0.995637655
1341846674.814222 -0.211055383 0.062298007 -0.155243471 0.062073536 -0.067126647 0.003222269 0.995806456
1341846674.846370 -0.207198516 0.069654107 -0.160400122 0.063300408 -0.067093812 0.011409136 0.995671332
1341846674.882158 -0.208332255 0.067647152 -0.158384115 0.062321346 -0.066821165 0.018859632 0.995638192
1341846674.914224 -0.211225852 0.074198656 -0.168207556 0.061099280 -0.066201143 0.022989025 0.995668530
1341846674.950305 -0.211472705 0.071405843 -0.164282024 0.057976041 -0.066121615 0.029287903 0.995695233
1341846674.982342 -0.213981196 0.072834499 -0.185330033 0.054687630 -0.067568280 0.031983104 0.995701253
1341846675.014137 -0.206018627 0.075159237 -0.211867020 0.045520332 -0.069768503 0.036637899 0.995850325
1341846675.050230 -0.219698817 0.083810613 -0.183729291 0.037237290 -0.069624685 0.038553845 0.996132255
1341846675.088201 -0.211938754 0.087888919 -0.188496083 0.031835072 -0.070618182 0.041656990 0.996124625
1341846675.150188 -0.236711010 0.098660544 -0.213792652 0.008218366 -0.063623495 0.037679121 0.997228563
1341846675.182290 -0.252519906 0.116504431 -0.177673012 -0.001025826 -0.058712196 0.035407972 0.997646272
1341846675.218759 -0.230576470 0.100794576 -0.161619440 -0.012032824 -0.062036172 0.043847691 0.997037709
1341846675.251951 -0.222693622 0.102249444 -0.153006464 -0.018843835 -0.063189849 0.046730161 0.996728778
1341846675.282406 -0.194101647 0.097947992 -0.151988387 -0.023011295 -0.066339381 0.054214410 0.996057391
1341846675.318078 -0.186079547 0.096863054 -0.169166014 -0.027170151 -0.064032964 0.057011340 0.995947421
1341846675.350149 -0.159294933 0.096503012 -0.175898433 -0.035974827 -0.065874435 0.060845509 0.995321155
1341846675.382271 -0.126989186 0.108750023 -0.148671374 -0.044928655 -0.069209948 0.059624501 0.994804680
1341846675.450238 -0.211705223 0.095504001 -0.119169936 -0.051547475 -0.046537381 0.065466776 0.995435178
1341846675.486165 -0.268686831 0.058660720 -0.120105855 -0.047359310 -0.035123862 0.078272626 0.995186806
1341846675.518083 -0.241544232 0.059218742 -0.119592033 -0.038470358 -0.038318705 0.086399443 0.994779825
1341846675.550092 -0.291939735 0.087028421 -0.112602085 -0.025879884 -0.030569419 0.090785153 0.995064735
1341846675.586070 -0.258618474 0.092477299 -0.113653578 -0.022214822 -0.034758829 0.094696827 0.994651139
1341846675.618075 -0.238134235 0.095822953 -0.108087085 -0.016545447 -0.034901448 0.097213835 0.994513750
1341846675.650024 -0.225444347 0.092181295 -0.104223140 -0.011583064 -0.037498493 0.100840606 0.994128227
1341846675.686118 -0.204786375 0.090501763 -0.100651398 -0.008363850 -0.042266984 0.100790977 0.993974268
1341846675.718055 -0.223314211 0.097389258 -0.105316952 -0.002310153 -0.036051448 0.097756378 0.994554520
1341846675.754170 -0.229425460 0.096172668 -0.101813011 0.004515338 -0.033468261 0.095650934 0.994841933
1341846675.786330 -0.222731560 0.095037445 -0.101446874 0.008015625 -0.033352442 0.096003257 0.994789839
1341846675.818106 -0.212211221 0.091991521 -0.103062853 0.011027757 -0.030431252 0.093708016 0.995073438
1341846675.854095 -0.219740286 0.090792239 -0.103245765 0.014955770 -0.027310260 0.092212357 0.995252430
1341846675.886163 -0.215608120 0.085805684 -0.108918801 0.020789756 -0.029180750 0.094594240 0.994870961
1341846675.922346 -0.193488449 0.085197061 -0.109035134 0.030312406 -0.030959764 0.095157214 0.994518876
1341846675.961651 -0.178602472 0.083945289 -0.111121729 0.038459297 -0.032127380 0.093199879 0.994385481
1341846676.028080 -0.173673034 0.073375285 -0.119694047 0.059341464 -0.035332620 0.091259874 0.993429363
1341846676.122163 -0.162565678 0.108697623 -0.148326308 0.069383919 -0.040488128 0.082162417 0.993376017
1341846676.154447 -0.172802210 0.090408802 -0.156122476 0.064427733 -0.038574055 0.080320470 0.993936479
1341846676.190230 -0.139022753 0.093725175 -0.154525772 0.065297335 -0.044546012 0.083304673 0.993384242
1341846676.222476 -0.120465793 0.121820509 -0.171602845 0.063589036 -0.045571532 0.081278935 0.993616343
1341846676.257017 -0.127740830 0.115568504 -0.172453970 0.055476446 -0.041754361 0.078401476 0.994500995
1341846676.290401 -0.106552236 0.108384207 -0.163202018 0.052262329 -0.043449007 0.079960093 0.994478345
1341846676.322689 -0.073001064 0.123060420 -0.172380105 0.051542722 -0.044657391 0.080190152 0.994443893
1341846676.360815 -0.070329361 0.171160340 -0.193543419 0.046989996 -0.040207144 0.076838508 0.995123744
1341846676.390851 -0.069932081 0.116909079 -0.184352800 0.030303147 -0.036530647 0.074924283 0.996059000
1341846676.424250 -0.047823977 0.112683453 -0.181689024 0.031900987 -0.035738885 0.076130658 0.995946407
1341846676.459033 -0.037939679 0.137125731 -0.202584922 0.032499038 -0.032124557 0.077461988 0.995947540
1341846676.490669 -0.030370550 0.129336834 -0.198762789 0.027181899 -0.029167412 0.078927197 0.996082783
1341846676.532743 -0.021834046 0.133214355 -0.203935549 0.026901985 -0.025238402 0.079229385 0.996173680
1341846676.564052 -0.016108183 0.143172443 -0.210872814 0.025751084 -0.021654801 0.079535633 0.996264040
1341846676.596566 -0.005346370 0.145750731 -0.212837547 0.022740114 -0.021712175 0.079561934 0.996334016
1341846676.632057 0.003674683 0.134307742 -0.215466619 0.019236375 -0.018365385 0.074753016 0.996847332
1341846676.690079 0.017965760 0.134954274 -0.218460485 0.018882802 -0.015014232 0.073140696 0.997029841
1341846676.726102 0.021718545 0.134685129 -0.218821719 0.019391984 -0.010930649 0.070020854 0.997297108
1341846676.758419 0.004546787 0.130683318 -0.221328467 0.021735815 -0.004036986 0.069268145 0.997353137
1341846676.790227 0.014218577 0.141968742 -0.220596299 0.024406090 -0.004711341 0.068433277 0.997346044
1341846676.826179 0.025275411 0.133178517 -0.231219858 0.023600934 -0.001415993 0.067130759 0.997464061
1341846676.858331 0.010092328 0.133861110 -0.230371058 0.025443478 0.004889895 0.068570204 0.997309864
1341846676.894086 0.066673838 0.150491089 -0.220202327 0.027117936 -0.006032464 0.069743983 0.997178078
1341846676.926062 0.093822122 0.156648576 -0.212623283 0.027477220 -0.009019529 0.069478989 0.997164130
1341846676.958080 0.057603098 0.141081914 -0.222963095 0.025928479 -0.000611448 0.068302095 0.997327507
1341846676.994140 0.053934913 0.135936141 -0.228313118 0.026393078 -0.001389326 0.070113130 0.997188866
1341846677.026242 0.072071210 0.144321337 -0.230231300 0.027584968 -0.005141522 0.069183536 0.997209251
1341846677.094244 0.070969798 0.142162696 -0.227211341 0.024992036 -0.004788517 0.070041291 0.997219503
1341846677.126108 0.094451882 0.125697017 -0.227631792 0.023910528 -0.009554054 0.070849106 0.997154653
1341846677.162066 0.094829105 0.138086021 -0.228408813 0.027849931 -0.008824231 0.071217075 0.997033000
1341846677.194068 0.086886607 0.146244332 -0.232045531 0.028178064 -0.008622962 0.070844091 0.997052073
1341846677.226206 0.119440883 0.137711033 -0.224473834 0.026119158 -0.012678284 0.070306107 0.997102916
1341846677.262033 0.108993165 0.126211077 -0.228389323 0.027446248 -0.008125128 0.070748985 0.997083366
1341846677.294125 0.095490612 0.136454090 -0.232744947 0.030091835 -0.007334452 0.071439452 0.996963978
1341846677.326503 0.111714281 0.137394384 -0.232671693 0.028598232 -0.009031899 0.069823407 0.997108519
1341846677.362194 0.117198527 0.127837270 -0.226662844 0.027726820 -0.006705602 0.070630662 0.997094631
1341846677.394280 0.114500962 0.130586028 -0.228308052 0.029480934 -0.006173796 0.071140744 0.997011483
1341846677.430058 0.127043888 0.135395646 -0.223347381 0.030433426 -0.006721272 0.070282102 0.997040212
1341846677.468326 0.122330233 0.132458493 -0.228157654 0.030882357 -0.002481123 0.070160121 0.997054517
1341846677.530161 0.128370866 0.130888581 -0.227806360 0.034939062 -0.000345048 0.069084004 0.996998847
1341846677.562051 0.129884288 0.133420333 -0.228306010 0.036419585 0.002384789 0.067871094 0.997026384
1341846677.594105 0.126495913 0.131562456 -0.230314225 0.036545385 0.003837114 0.067056820 0.997072339
1341846677.630227 0.132564425 0.129981905 -0.228773683 0.036808267 0.003883617 0.065640263 0.997156680
1341846677.662033 0.127338618 0.131172225 -0.233072862 0.038062960 0.006189531 0.065909334 0.997080207
1341846677.730320 0.136005551 0.134803087 -0.226794958 0.037777796 0.005066359 0.066200323 0.997078061
1341846677.763691 0.133917406 0.129572019 -0.226015791 0.038545515 0.006471164 0.066278987 0.997035325
1341846677.798630 0.128197908 0.137953445 -0.229914203 0.039631583 0.005470963 0.065883286 0.997025013
1341846677.830104 0.145462975 0.132750452 -0.225953490 0.038378134 0.003981466 0.064670548 0.997160494
1341846677.862185 0.142792746 0.122881077 -0.224958658 0.039942462 0.006689736 0.063154817 0.997181714
1341846677.898344 0.137135059 0.123495631 -0.225806400 0.043439679 0.007227137 0.064195640 0.996965230
1341846677.930181 0.148147240 0.126486227 -0.226365313 0.045745626 0.006229881 0.062954776 0.996948004
1341846677.966256 0.148929328 0.119466491 -0.229216903 0.047692243 0.008324457 0.062115874 0.996894062
1341846677.998516 0.139849409 0.116284475 -0.234690994 0.052108359 0.009099545 0.063221171 0.996596813
1341846678.030368 0.144668788 0.117405519 -0.232988253 0.055032156 0.006415719 0.064016081 0.996409714
1341846678.066187 0.151170820 0.120082118 -0.235275447 0.057240345 0.006855924 0.062589578 0.996372998
1341846678.098076 0.140773848 0.109038286 -0.240272716 0.057561718 0.008015053 0.062863961 0.996328533
1341846678.134082 0.143180579 0.105037197 -0.240787998 0.058902070 0.004772794 0.063626304 0.996222615
1341846678.166092 0.157734662 0.109223187 -0.240454614 0.060435586 0.003672411 0.062956937 0.996177971
1341846678.204293 0.146000743 0.105380282 -0.243960336 0.061774366 0.005616704 0.062974580 0.996085644
1341846678.266209 0.152922198 0.103254676 -0.244338021 0.065440886 0.001758072 0.063473798 0.995834053
1341846678.298316 0.147553727 0.105933815 -0.248292521 0.066253468 0.001146637 0.063663997 0.995769083
1341846678.334135 0.155020788 0.103367805 -0.245133936 0.065877788 -0.001747023 0.063912041 0.995777249
1341846678.366593 0.159221083 0.098182544 -0.244560808 0.066767253 -0.001733831 0.063372351 0.995752513
1341846678.402292 0.153743327 0.101116769 -0.247288212 0.068694368 -0.001189459 0.063260995 0.995629311
1341846678.439991 0.158177316 0.103257701 -0.244353279 0.069694385 -0.001622687 0.063214712 0.995562136
